2.070652e+07 -1.608123e+00 -1.608123e+00
4.240802e+07 -1.537251e+00 -1.571855e+00
6.509889e+07 -1.470206e+00 -1.536424e+00
8.882615e+07 -1.406867e+00 -1.501817e+00
1.136254e+08 -1.346789e+00 -1.467982e+00
1.394197e+08 -1.296254e+00 -1.436210e+00
1.661553e+08 -1.253463e+00 -1.406805e+00
1.936670e+08 -1.220429e+00 -1.380329e+00
2.218148e+08 -1.192912e+00 -1.356546e+00
2.505418e+08 -1.169947e+00 -1.335151e+00
2.798077e+08 -1.148626e+00 -1.315642e+00
3.095727e+08 -1.130240e+00 -1.297815e+00
3.397450e+08 -1.116587e+00 -1.281721e+00
3.702563e+08 -1.105303e+00 -1.267183e+00
4.010731e+08 -1.093517e+00 -1.253839e+00
4.322049e+08 -1.082843e+00 -1.241522e+00
4.636162e+08 -1.073314e+00 -1.230126e+00
4.952035e+08 -1.068962e+00 -1.219846e+00
5.269306e+08 -1.063957e+00 -1.210459e+00
5.588876e+08 -1.054909e+00 -1.201565e+00
5.911625e+08 -1.043684e+00 -1.192945e+00
6.237166e+08 -1.036976e+00 -1.184805e+00
6.563743e+08 -1.034426e+00 -1.177323e+00
6.892003e+08 -1.028039e+00 -1.170213e+00
7.222305e+08 -1.021250e+00 -1.163400e+00
7.554855e+08 -1.014842e+00 -1.156861e+00
7.887986e+08 -1.016014e+00 -1.150912e+00
8.220946e+08 -1.014436e+00 -1.145385e+00
8.555098e+08 -1.010771e+00 -1.140127e+00
8.889795e+08 -1.010155e+00 -1.135234e+00
9.224151e+08 -1.011388e+00 -1.130744e+00
9.557337e+08 -1.016281e+00 -1.126754e+00
9.888703e+08 -1.020288e+00 -1.123186e+00
1.022026e+09 -1.018715e+00 -1.119797e+00
1.055232e+09 -1.018314e+00 -1.116604e+00
1.088569e+09 -1.011526e+00 -1.113386e+00
1.122209e+09 -1.001588e+00 -1.110035e+00
1.156118e+09 -9.954410e-01 -1.106673e+00
1.190192e+09 -9.904072e-01 -1.103345e+00
1.224420e+09 -9.873498e-01 -1.100102e+00
1.258693e+09 -9.849736e-01 -1.096967e+00
1.293075e+09 -9.826186e-01 -1.093927e+00
1.327468e+09 -9.834564e-01 -1.091065e+00
1.361778e+09 -9.856704e-01 -1.088409e+00
1.396025e+09 -9.873670e-01 -1.085931e+00
1.430302e+09 -9.852407e-01 -1.083518e+00
1.464759e+09 -9.792710e-01 -1.081065e+00
1.499375e+09 -9.765579e-01 -1.078653e+00
1.533998e+09 -9.758201e-01 -1.076332e+00
1.568626e+09 -9.760245e-01 -1.074117e+00
1.603288e+09 -9.759222e-01 -1.071994e+00
1.637915e+09 -9.760666e-01 -1.069966e+00
1.672444e+09 -9.804757e-01 -1.068119e+00
1.706819e+09 -9.843872e-01 -1.066432e+00
1.741159e+09 -9.847642e-01 -1.064822e+00
1.775449e+09 -9.868861e-01 -1.063317e+00
1.809714e+09 -9.862371e-01 -1.061857e+00
1.844001e+09 -9.860799e-01 -1.060448e+00
1.878332e+09 -9.836237e-01 -1.059044e+00
1.912672e+09 -9.847590e-01 -1.057710e+00
1.947010e+09 -9.840523e-01 -1.056411e+00
1.981429e+09 -9.804568e-01 -1.055092e+00
2.015986e+09 -9.792958e-01 -1.053793e+00
2.050450e+09 -9.817319e-01 -1.052581e+00
2.084894e+09 -9.807739e-01 -1.051395e+00
2.119378e+09 -9.798930e-01 -1.050232e+00
2.153878e+09 -9.803185e-01 -1.049112e+00
2.188330e+09 -9.804017e-01 -1.048030e+00
2.222875e+09 -9.783521e-01 -1.046947e+00
2.257455e+09 -9.764342e-01 -1.045867e+00
2.292110e+09 -9.749320e-01 -1.044795e+00
2.326795e+09 -9.752997e-01 -1.043759e+00
2.361319e+09 -9.811071e-01 -1.042843e+00
2.395708e+09 -9.836819e-01 -1.041993e+00
2.430044e+09 -9.854051e-01 -1.041194e+00
2.464397e+09 -9.833375e-01 -1.040387e+00
2.498821e+09 -9.815857e-01 -1.039577e+00
2.533214e+09 -9.834184e-01 -1.038815e+00
2.567546e+09 -9.846491e-01 -1.038091e+00
2.601861e+09 -9.850615e-01 -1.037391e+00
2.636229e+09 -9.829656e-01 -1.036682e+00
2.670635e+09 -9.820808e-01 -1.035978e+00
2.705095e+09 -9.802365e-01 -1.035268e+00
2.739567e+09 -9.807165e-01 -1.034582e+00
2.774063e+09 -9.791333e-01 -1.033892e+00
2.808626e+09 -9.776737e-01 -1.033200e+00
2.843159e+09 -9.789297e-01 -1.032541e+00
2.877652e+09 -9.808163e-01 -1.031921e+00
2.912040e+09 -9.841696e-01 -1.031357e+00
2.946330e+09 -9.858913e-01 -1.030828e+00
2.980670e+09 -9.830237e-01 -1.030277e+00
3.015217e+09 -9.770104e-01 -1.029667e+00
3.049927e+09 -9.727409e-01 -1.029019e+00
3.084750e+09 -9.699277e-01 -1.028352e+00
3.119601e+09 -9.705977e-01 -1.027707e+00
3.154322e+09 -9.749089e-01 -1.027126e+00
3.188858e+09 -9.808533e-01 -1.026625e+00
3.223181e+09 -9.860245e-01 -1.026192e+00
3.257374e+09 -9.893534e-01 -1.025806e+00
3.291495e+09 -9.909974e-01 -1.025445e+00
3.325607e+09 -9.901218e-01 -1.025082e+00
3.359725e+09 -9.911309e-01 -1.024738e+00
3.393803e+09 -9.914081e-01 -1.024403e+00
3.427961e+09 -9.896597e-01 -1.024057e+00
3.462135e+09 -9.893124e-01 -1.023714e+00
3.496353e+09 -9.874514e-01 -1.023359e+00
3.530563e+09 -9.883247e-01 -1.023019e+00
3.564695e+09 -9.910660e-01 -1.022714e+00
3.598791e+09 -9.920177e-01 -1.022423e+00
3.632777e+09 -9.951409e-01 -1.022167e+00
3.666718e+09 -9.962014e-01 -1.021927e+00
3.700658e+09 -9.948439e-01 -1.021679e+00
3.734777e+09 -9.886777e-01 -1.021377e+00
3.769032e+09 -9.866729e-01 -1.021062e+00
3.803325e+09 -9.850308e-01 -1.020737e+00
3.837656e+09 -9.850052e-01 -1.020417e+00
3.871921e+09 -9.872284e-01 -1.020124e+00
3.906078e+09 -9.907332e-01 -1.019867e+00
3.940267e+09 -9.881344e-01 -1.019591e+00
3.974478e+09 -9.882080e-01 -1.019321e+00
4.008591e+09 -9.907746e-01 -1.019078e+00
4.042777e+09 -9.881959e-01 -1.018817e+00
4.077079e+09 -9.851184e-01 -1.018534e+00
4.111475e+09 -9.824799e-01 -1.018232e+00
4.145979e+09 -9.780224e-01 -1.017897e+00
4.180656e+09 -9.736767e-01 -1.017531e+00
4.215440e+09 -9.711525e-01 -1.017148e+00
4.250369e+09 -9.666446e-01 -1.016733e+00
4.285353e+09 -9.666556e-01 -1.016324e+00
4.320339e+09 -9.662698e-01 -1.015919e+00
4.355356e+09 -9.651944e-01 -1.015511e+00
4.390422e+09 -9.637972e-01 -1.015098e+00
4.425456e+09 -9.645572e-01 -1.014698e+00
4.460520e+09 -9.640546e-01 -1.014300e+00
4.495554e+09 -9.660263e-01 -1.013923e+00
4.530475e+09 -9.688542e-01 -1.013576e+00
4.565287e+09 -9.720141e-01 -1.013259e+00
4.599934e+09 -9.762613e-01 -1.012980e+00
4.634474e+09 -9.796722e-01 -1.012732e+00
4.668906e+09 -9.828244e-01 -1.012512e+00
4.703372e+09 -9.787943e-01 -1.012265e+00
4.738158e+09 -9.683722e-01 -1.011942e+00
4.773349e+09 -9.579183e-01 -1.011544e+00
4.808754e+09 -9.544915e-01 -1.011124e+00
4.844180e+09 -9.545960e-01 -1.010711e+00
4.879534e+09 -9.567532e-01 -1.010320e+00
4.914718e+09 -9.630582e-01 -1.009981e+00
4.949692e+09 -9.675693e-01 -1.009682e+00
4.984570e+09 -9.699229e-01 -1.009403e+00
5.019334e+09 -9.744552e-01 -1.009161e+00
5.053886e+09 -9.789435e-01 -1.008955e+00
5.088480e+09 -9.766202e-01 -1.008735e+00
5.123120e+09 -9.755320e-01 -1.008510e+00
5.157812e+09 -9.737389e-01 -1.008277e+00
5.192513e+09 -9.738096e-01 -1.008046e+00
5.227241e+09 -9.738841e-01 -1.007819e+00
5.261969e+09 -9.733432e-01 -1.007592e+00
5.296833e+09 -9.678848e-01 -1.007330e+00
5.331811e+09 -9.659679e-01 -1.007059e+00
5.366791e+09 -9.665765e-01 -1.006795e+00
5.401843e+09 -9.632582e-01 -1.006513e+00
5.436959e+09 -9.629106e-01 -1.006231e+00
5.471998e+09 -9.656758e-01 -1.005971e+00
5.506981e+09 -9.666638e-01 -1.005722e+00
5.541978e+09 -9.647868e-01 -1.005463e+00
5.577081e+09 -9.634394e-01 -1.005199e+00
5.612200e+09 -9.621154e-01 -1.004929e+00
5.647428e+09 -9.582717e-01 -1.004638e+00
5.682787e+09 -9.544579e-01 -1.004326e+00
5.718364e+09 -9.484978e-01 -1.003978e+00
5.754053e+09 -9.472252e-01 -1.003626e+00
5.789657e+09 -9.500253e-01 -1.003297e+00
5.825287e+09 -9.488371e-01 -1.002964e+00
5.860858e+09 -9.506949e-01 -1.002646e+00
5.896396e+09 -9.513325e-01 -1.002337e+00
5.932008e+09 -9.486212e-01 -1.002015e+00
5.967800e+09 -9.420699e-01 -1.001655e+00
6.003857e+09 -9.365621e-01 -1.001264e+00
6.039981e+09 -9.346406e-01 -1.000866e+00
6.076164e+09 -9.345781e-01 -1.000471e+00
6.112369e+09 -9.328906e-01 -1.000071e+00
6.148548e+09 -9.350682e-01 -9.996883e-01
6.184669e+09 -9.359246e-01 -9.993159e-01
6.220708e+09 -9.389034e-01 -9.989659e-01
6.256655e+09 -9.409248e-01 -9.986324e-01
6.292555e+09 -9.416284e-01 -9.983072e-01
6.328423e+09 -9.425958e-01 -9.979914e-01
6.364228e+09 -9.457698e-01 -9.976976e-01
6.399825e+09 -9.514122e-01 -9.974402e-01
6.435158e+09 -9.589146e-01 -9.972286e-01
6.470373e+09 -9.599018e-01 -9.970255e-01
6.505693e+09 -9.551484e-01 -9.967981e-01
6.541316e+09 -9.467465e-01 -9.965256e-01
6.577071e+09 -9.460656e-01 -9.962513e-01
6.612687e+09 -9.510800e-01 -9.960080e-01
6.648117e+09 -9.546071e-01 -9.957873e-01
6.683497e+09 -9.542533e-01 -9.955675e-01
6.718977e+09 -9.522986e-01 -9.953390e-01
6.754543e+09 -9.501171e-01 -9.951009e-01
6.790201e+09 -9.468194e-01 -9.948473e-01
6.825960e+09 -9.450218e-01 -9.945863e-01
6.861748e+09 -9.443503e-01 -9.943243e-01
6.897529e+09 -9.450414e-01 -9.940686e-01
6.933327e+09 -9.435297e-01 -9.938077e-01
6.969178e+09 -9.429412e-01 -9.935460e-01
7.004904e+09 -9.479297e-01 -9.933134e-01
7.040402e+09 -9.534295e-01 -9.931123e-01
7.075826e+09 -9.546957e-01 -9.929199e-01
7.111226e+09 -9.552615e-01 -9.927325e-01
7.146528e+09 -9.580917e-01 -9.925614e-01
7.181846e+09 -9.557451e-01 -9.923803e-01
7.217310e+09 -9.526225e-01 -9.921850e-01
7.252769e+09 -9.535962e-01 -9.919963e-01
7.288239e+09 -9.521621e-01 -9.918024e-01
7.323713e+09 -9.534462e-01 -9.916166e-01
7.359122e+09 -9.556100e-01 -9.914434e-01
7.394386e+09 -9.596834e-01 -9.912919e-01
7.429460e+09 -9.647249e-01 -9.911665e-01
7.464478e+09 -9.643927e-01 -9.910409e-01
7.499475e+09 -9.657372e-01 -9.909228e-01
7.534493e+09 -9.661097e-01 -9.908075e-01
7.569568e+09 -9.631829e-01 -9.906795e-01
7.604729e+09 -9.610291e-01 -9.905424e-01
7.639893e+09 -9.616422e-01 -9.904094e-01
7.675083e+09 -9.596529e-01 -9.902684e-01
7.710405e+09 -9.560119e-01 -9.901114e-01
7.745831e+09 -9.530720e-01 -9.899420e-01
7.781367e+09 -9.506717e-01 -9.897627e-01
7.817007e+09 -9.471777e-01 -9.895685e-01
7.852676e+09 -9.484947e-01 -9.893820e-01
7.888213e+09 -9.526304e-01 -9.892164e-01
7.923553e+09 -9.580910e-01 -9.890776e-01
7.958712e+09 -9.632734e-01 -9.889636e-01
7.993699e+09 -9.671663e-01 -9.888682e-01
8.028596e+09 -9.688204e-01 -9.887810e-01
8.063461e+09 -9.703444e-01 -9.887013e-01
8.098207e+09 -9.720906e-01 -9.886301e-01
8.132995e+09 -9.724695e-01 -9.885609e-01
8.167656e+09 -9.760244e-01 -9.885077e-01
8.202225e+09 -9.768830e-01 -9.884587e-01
8.237028e+09 -9.683551e-01 -9.883738e-01
8.272192e+09 -9.583143e-01 -9.882460e-01
8.307625e+09 -9.526772e-01 -9.880943e-01
8.343101e+09 -9.535187e-01 -9.879473e-01
8.378595e+09 -9.518399e-01 -9.877943e-01
8.414229e+09 -9.473167e-01 -9.876229e-01
8.449882e+09 -9.487141e-01 -9.874587e-01
8.485406e+09 -9.531778e-01 -9.873152e-01
8.520782e+09 -9.557769e-01 -9.871843e-01
8.556161e+09 -9.555560e-01 -9.870535e-01
8.591598e+09 -9.522817e-01 -9.869101e-01
8.627177e+09 -9.492448e-01 -9.867547e-01
8.662851e+09 -9.475228e-01 -9.865932e-01
8.698500e+09 -9.482578e-01 -9.864361e-01
8.734124e+09 -9.488731e-01 -9.862829e-01
8.769771e+09 -9.482758e-01 -9.861284e-01
8.805329e+09 -9.519219e-01 -9.859902e-01
8.840869e+09 -9.505085e-01 -9.858476e-01
8.876573e+09 -9.454081e-01 -9.856850e-01
8.912391e+09 -9.435322e-01 -9.855155e-01
8.948155e+09 -9.455462e-01 -9.853558e-01
8.983867e+09 -9.468357e-01 -9.852027e-01
9.019511e+09 -9.495128e-01 -9.850616e-01
9.054993e+09 -9.539772e-01 -9.849398e-01
9.090350e+09 -9.571338e-01 -9.848317e-01
9.125625e+09 -9.579783e-01 -9.847279e-01
9.160923e+09 -9.578093e-01 -9.846242e-01
9.196181e+09 -9.594019e-01 -9.845275e-01
9.231369e+09 -9.613881e-01 -9.844392e-01
9.266401e+09 -9.663250e-01 -9.843708e-01
9.301331e+09 -9.672738e-01 -9.843066e-01
9.336265e+09 -9.678940e-01 -9.842451e-01
9.371253e+09 -9.642977e-01 -9.841707e-01
9.406397e+09 -9.610261e-01 -9.840842e-01
9.441658e+09 -9.578636e-01 -9.839863e-01
9.477024e+09 -9.554935e-01 -9.838799e-01
9.512392e+09 -9.565320e-01 -9.837783e-01
9.547690e+09 -9.584537e-01 -9.836846e-01
9.582879e+09 -9.615628e-01 -9.836034e-01
9.617904e+09 -9.657446e-01 -9.835384e-01
9.652851e+09 -9.674445e-01 -9.834801e-01
9.687805e+09 -9.666100e-01 -9.834192e-01
9.722855e+09 -9.637199e-01 -9.833482e-01
9.757966e+09 -9.627670e-01 -9.832742e-01
9.793050e+09 -9.638193e-01 -9.832045e-01
9.828148e+09 -9.632099e-01 -9.831331e-01
9.863192e+09 -9.649455e-01 -9.830684e-01
9.898226e+09 -9.639511e-01 -9.830008e-01
9.933350e+09 -9.615939e-01 -9.829251e-01
9.968535e+09 -9.614837e-01 -9.828494e-01
