2.073069e+07 -1.826214e+00 -1.826214e+00
4.249356e+07 -1.741840e+00 -1.783002e+00
6.535261e+07 -1.656925e+00 -1.738903e+00
8.937734e+07 -1.576669e+00 -1.695294e+00
1.145754e+08 -1.505176e+00 -1.653482e+00
1.409441e+08 -1.439346e+00 -1.613420e+00
1.684653e+08 -1.380822e+00 -1.575422e+00
1.971126e+08 -1.327165e+00 -1.539342e+00
2.268120e+08 -1.281800e+00 -1.505619e+00
2.574375e+08 -1.244707e+00 -1.474580e+00
2.888796e+08 -1.215467e+00 -1.446377e+00
3.209010e+08 -1.194549e+00 -1.421249e+00
3.534204e+08 -1.176900e+00 -1.398765e+00
3.863360e+08 -1.163992e+00 -1.378763e+00
4.196343e+08 -1.151170e+00 -1.360703e+00
4.533238e+08 -1.135322e+00 -1.343953e+00
4.876203e+08 -1.115549e+00 -1.327889e+00
5.225068e+08 -1.095865e+00 -1.312397e+00
5.580352e+08 -1.076128e+00 -1.297355e+00
5.941781e+08 -1.058592e+00 -1.282831e+00
6.308638e+08 -1.043405e+00 -1.268908e+00
6.680638e+08 -1.029776e+00 -1.255592e+00
7.056668e+08 -1.019046e+00 -1.242987e+00
7.436573e+08 -1.008656e+00 -1.231016e+00
7.818624e+08 -1.007115e+00 -1.220076e+00
8.199640e+08 -1.008295e+00 -1.210235e+00
8.581220e+08 -1.006957e+00 -1.201196e+00
8.962209e+08 -1.010765e+00 -1.193100e+00
9.340565e+08 -1.017466e+00 -1.185986e+00
9.718517e+08 -1.015783e+00 -1.179367e+00
1.009855e+09 -1.009652e+00 -1.172980e+00
1.048068e+09 -1.004971e+00 -1.166854e+00
1.086351e+09 -1.004183e+00 -1.161122e+00
1.124568e+09 -1.006069e+00 -1.155852e+00
1.162769e+09 -1.006947e+00 -1.150960e+00
1.200885e+09 -1.008923e+00 -1.146452e+00
1.239092e+09 -1.004592e+00 -1.142078e+00
1.277406e+09 -1.003201e+00 -1.137913e+00
1.315744e+09 -1.002990e+00 -1.133981e+00
1.354053e+09 -1.003713e+00 -1.130296e+00
1.392384e+09 -1.001853e+00 -1.126760e+00
1.430786e+09 -1.000892e+00 -1.123381e+00
1.469216e+09 -9.996435e-01 -1.120145e+00
1.507738e+09 -9.981187e-01 -1.117027e+00
1.546243e+09 -9.984122e-01 -1.114073e+00
1.584742e+09 -9.989212e-01 -1.111276e+00
1.623180e+09 -1.000466e+00 -1.108652e+00
1.661649e+09 -9.991286e-01 -1.106116e+00
1.700063e+09 -1.001123e+00 -1.103744e+00
1.738405e+09 -1.002364e+00 -1.101508e+00
1.776769e+09 -1.002454e+00 -1.099369e+00
1.815003e+09 -1.006757e+00 -1.097418e+00
1.853075e+09 -1.010857e+00 -1.095640e+00
1.890987e+09 -1.014996e+00 -1.094023e+00
1.928778e+09 -1.017872e+00 -1.092531e+00
1.966475e+09 -1.020982e+00 -1.091159e+00
2.004149e+09 -1.019439e+00 -1.089811e+00
2.041878e+09 -1.019151e+00 -1.088505e+00
2.079602e+09 -1.018754e+00 -1.087240e+00
2.117377e+09 -1.017067e+00 -1.085988e+00
2.155291e+09 -1.012514e+00 -1.084696e+00
2.193403e+09 -1.007358e+00 -1.083352e+00
2.231637e+09 -1.003809e+00 -1.081989e+00
2.269962e+09 -1.003344e+00 -1.080661e+00
2.308207e+09 -1.006088e+00 -1.079426e+00
2.346395e+09 -1.006825e+00 -1.078244e+00
2.384592e+09 -1.006188e+00 -1.077090e+00
2.422762e+09 -1.007858e+00 -1.075999e+00
2.460745e+09 -1.014430e+00 -1.075049e+00
2.498478e+09 -1.020330e+00 -1.074222e+00
2.536053e+09 -1.023704e+00 -1.073474e+00
2.573552e+09 -1.024873e+00 -1.072766e+00
2.611098e+09 -1.023988e+00 -1.072064e+00
2.648619e+09 -1.024526e+00 -1.071391e+00
2.686260e+09 -1.020299e+00 -1.070675e+00
2.724049e+09 -1.016455e+00 -1.069923e+00
2.761938e+09 -1.014493e+00 -1.069163e+00
2.799746e+09 -1.017914e+00 -1.068470e+00
2.837407e+09 -1.021137e+00 -1.067842e+00
2.875010e+09 -1.022341e+00 -1.067247e+00
2.912536e+09 -1.025782e+00 -1.066713e+00
2.949968e+09 -1.026277e+00 -1.066200e+00
2.987422e+09 -1.026782e+00 -1.065706e+00
3.024854e+09 -1.026301e+00 -1.065218e+00
3.062377e+09 -1.024181e+00 -1.064715e+00
3.099874e+09 -1.025434e+00 -1.064240e+00
3.137407e+09 -1.023347e+00 -1.063751e+00
3.174934e+09 -1.024428e+00 -1.063286e+00
3.212468e+09 -1.023957e+00 -1.062826e+00
3.250016e+09 -1.024362e+00 -1.062382e+00
3.287548e+09 -1.023358e+00 -1.061937e+00
3.325149e+09 -1.022328e+00 -1.061489e+00
3.362686e+09 -1.025254e+00 -1.061084e+00
3.400124e+09 -1.026567e+00 -1.060704e+00
3.437631e+09 -1.024448e+00 -1.060309e+00
3.475178e+09 -1.023872e+00 -1.059915e+00
3.512767e+09 -1.022633e+00 -1.059516e+00
3.550378e+09 -1.021896e+00 -1.059117e+00
3.587978e+09 -1.022518e+00 -1.058734e+00
3.625602e+09 -1.020208e+00 -1.058334e+00
3.663488e+09 -1.012360e+00 -1.057859e+00
3.701599e+09 -1.008033e+00 -1.057346e+00
3.739768e+09 -1.006539e+00 -1.056827e+00
3.778018e+09 -1.005135e+00 -1.056304e+00
3.816217e+09 -1.006726e+00 -1.055807e+00
3.854436e+09 -1.005539e+00 -1.055309e+00
3.892729e+09 -1.002169e+00 -1.054786e+00
3.931308e+09 -9.946712e-01 -1.054196e+00
3.969998e+09 -9.935497e-01 -1.053605e+00
4.008719e+09 -9.925200e-01 -1.053015e+00
4.047458e+09 -9.916786e-01 -1.052428e+00
4.086240e+09 -9.914678e-01 -1.051850e+00
4.125078e+09 -9.888594e-01 -1.051257e+00
4.163985e+09 -9.888035e-01 -1.050673e+00
4.202886e+09 -9.882275e-01 -1.050095e+00
4.241738e+09 -9.892218e-01 -1.049537e+00
4.280548e+09 -9.909390e-01 -1.049006e+00
4.319259e+09 -9.934272e-01 -1.048508e+00
4.357933e+09 -9.939496e-01 -1.048024e+00
4.396545e+09 -9.970009e-01 -1.047576e+00
4.435006e+09 -1.000367e+00 -1.047166e+00
4.473271e+09 -1.006172e+00 -1.046816e+00
4.511410e+09 -1.008036e+00 -1.046488e+00
4.549555e+09 -1.007101e+00 -1.046158e+00
4.587832e+09 -1.003792e+00 -1.045804e+00
4.626236e+09 -9.998689e-01 -1.045423e+00
4.664744e+09 -9.978830e-01 -1.045030e+00
4.703340e+09 -9.954550e-01 -1.044624e+00
4.742014e+09 -9.935180e-01 -1.044207e+00
4.780756e+09 -9.917283e-01 -1.043782e+00
4.819532e+09 -9.910856e-01 -1.043358e+00
4.858345e+09 -9.914281e-01 -1.042943e+00
4.897057e+09 -9.933643e-01 -1.042551e+00
4.935679e+09 -9.960173e-01 -1.042187e+00
4.974266e+09 -9.966972e-01 -1.041834e+00
5.012822e+09 -9.972619e-01 -1.041491e+00
5.051312e+09 -9.987797e-01 -1.041166e+00
5.089828e+09 -9.976214e-01 -1.040836e+00
5.128354e+09 -9.978810e-01 -1.040513e+00
5.166821e+09 -9.999733e-01 -1.040211e+00
5.205234e+09 -1.001248e+00 -1.039924e+00
5.243631e+09 -1.000829e+00 -1.039638e+00
5.281975e+09 -1.003619e+00 -1.039376e+00
5.320261e+09 -1.004068e+00 -1.039122e+00
5.358593e+09 -1.002640e+00 -1.038861e+00
5.396945e+09 -1.002191e+00 -1.038601e+00
5.435400e+09 -9.981158e-01 -1.038314e+00
5.474099e+09 -9.915634e-01 -1.037984e+00
5.513029e+09 -9.857407e-01 -1.037615e+00
5.552145e+09 -9.815770e-01 -1.037220e+00
5.591329e+09 -9.809940e-01 -1.036826e+00
5.630551e+09 -9.801571e-01 -1.036431e+00
5.669826e+09 -9.781092e-01 -1.036027e+00
5.709094e+09 -9.804964e-01 -1.035645e+00
5.748157e+09 -9.857445e-01 -1.035306e+00
5.787057e+09 -9.892061e-01 -1.034996e+00
5.825890e+09 -9.900934e-01 -1.034697e+00
5.864691e+09 -9.917361e-01 -1.034413e+00
5.903355e+09 -9.947967e-01 -1.034153e+00
5.941899e+09 -9.985395e-01 -1.033922e+00
5.980357e+09 -9.993623e-01 -1.033700e+00
6.018863e+09 -9.977862e-01 -1.033470e+00
6.057395e+09 -9.984597e-01 -1.033247e+00
6.095820e+09 -1.001005e+00 -1.033044e+00
6.134199e+09 -1.001897e+00 -1.032849e+00
6.172487e+09 -1.004429e+00 -1.032673e+00
6.210702e+09 -1.006610e+00 -1.032513e+00
6.248819e+09 -1.009028e+00 -1.032369e+00
6.286810e+09 -1.013078e+00 -1.032253e+00
6.324710e+09 -1.014471e+00 -1.032146e+00
6.362658e+09 -1.012162e+00 -1.032027e+00
6.400688e+09 -1.010356e+00 -1.031898e+00
6.438720e+09 -1.010836e+00 -1.031774e+00
6.476694e+09 -1.013013e+00 -1.031664e+00
6.514634e+09 -1.013600e+00 -1.031559e+00
6.552565e+09 -1.012725e+00 -1.031450e+00
6.590546e+09 -1.011761e+00 -1.031336e+00
6.628615e+09 -1.008774e+00 -1.031207e+00
6.666794e+09 -1.005694e+00 -1.031061e+00
6.705119e+09 -1.001758e+00 -1.030893e+00
6.743591e+09 -9.986277e-01 -1.030709e+00
6.782084e+09 -9.981429e-01 -1.030524e+00
6.820619e+09 -9.979635e-01 -1.030340e+00
6.859123e+09 -9.987636e-01 -1.030163e+00
6.897527e+09 -1.001370e+00 -1.030003e+00
6.935837e+09 -1.004939e+00 -1.029864e+00
6.973943e+09 -1.009696e+00 -1.029754e+00
7.011971e+09 -1.011330e+00 -1.029654e+00
7.049918e+09 -1.012649e+00 -1.029563e+00
7.087927e+09 -1.011135e+00 -1.029464e+00
7.125955e+09 -1.010258e+00 -1.029361e+00
7.164034e+09 -1.008476e+00 -1.029250e+00
7.202252e+09 -1.004862e+00 -1.029121e+00
7.240550e+09 -1.003657e+00 -1.028986e+00
7.278692e+09 -1.010070e+00 -1.028887e+00
7.316682e+09 -1.012603e+00 -1.028802e+00
7.354648e+09 -1.012093e+00 -1.028716e+00
7.392705e+09 -1.009919e+00 -1.028619e+00
7.430829e+09 -1.007517e+00 -1.028511e+00
7.469074e+09 -1.004237e+00 -1.028387e+00
7.507337e+09 -1.004970e+00 -1.028268e+00
7.545485e+09 -1.009176e+00 -1.028171e+00
7.583474e+09 -1.012522e+00 -1.028093e+00
7.621470e+09 -1.011215e+00 -1.028008e+00
7.659413e+09 -1.014526e+00 -1.027942e+00
7.697233e+09 -1.017110e+00 -1.027888e+00
7.734956e+09 -1.019313e+00 -1.027847e+00
7.772703e+09 -1.017654e+00 -1.027797e+00
7.810528e+09 -1.016067e+00 -1.027740e+00
7.848412e+09 -1.014475e+00 -1.027676e+00
7.886316e+09 -1.013823e+00 -1.027610e+00
7.924290e+09 -1.012221e+00 -1.027536e+00
7.962292e+09 -1.010503e+00 -1.027455e+00
8.000390e+09 -1.008138e+00 -1.027363e+00
8.038641e+09 -1.003101e+00 -1.027247e+00
8.077066e+09 -9.994327e-01 -1.027115e+00
8.115647e+09 -9.954049e-01 -1.026964e+00
8.154347e+09 -9.935453e-01 -1.026806e+00
8.192975e+09 -9.961731e-01 -1.026661e+00
8.231522e+09 -9.977726e-01 -1.026526e+00
8.269968e+09 -1.000462e+00 -1.026405e+00
8.308418e+09 -9.994063e-01 -1.026280e+00
8.346960e+09 -9.961811e-01 -1.026141e+00
8.385648e+09 -9.923282e-01 -1.025985e+00
8.424461e+09 -9.899981e-01 -1.025819e+00
8.463367e+09 -9.877944e-01 -1.025644e+00
8.502347e+09 -9.844273e-01 -1.025455e+00
8.541473e+09 -9.825762e-01 -1.025259e+00
8.580565e+09 -9.834789e-01 -1.025068e+00
8.619684e+09 -9.822822e-01 -1.024874e+00
8.658952e+09 -9.775842e-01 -1.024660e+00
8.698297e+09 -9.768554e-01 -1.024444e+00
8.737596e+09 -9.789224e-01 -1.024239e+00
8.776896e+09 -9.780723e-01 -1.024032e+00
8.816096e+09 -9.813404e-01 -1.023842e+00
8.855161e+09 -9.842719e-01 -1.023668e+00
8.894138e+09 -9.868461e-01 -1.023506e+00
8.933032e+09 -9.894875e-01 -1.023358e+00
8.971839e+09 -9.910655e-01 -1.023219e+00
9.010671e+09 -9.896446e-01 -1.023074e+00
9.049508e+09 -9.898218e-01 -1.022931e+00
9.088334e+09 -9.904701e-01 -1.022793e+00
9.127212e+09 -9.888715e-01 -1.022648e+00
9.166124e+09 -9.883637e-01 -1.022502e+00
9.204958e+09 -9.906165e-01 -1.022368e+00
9.243587e+09 -9.966095e-01 -1.022260e+00
9.282038e+09 -1.001332e+00 -1.022174e+00
9.320278e+09 -1.006686e+00 -1.022110e+00
9.358353e+09 -1.011512e+00 -1.022067e+00
9.396184e+09 -1.017061e+00 -1.022047e+00
9.433910e+09 -1.019595e+00 -1.022037e+00
9.471611e+09 -1.019336e+00 -1.022026e+00
9.509421e+09 -1.014378e+00 -1.021996e+00
9.547487e+09 -1.008941e+00 -1.021944e+00
9.585674e+09 -1.005437e+00 -1.021878e+00
9.623992e+09 -1.002821e+00 -1.021802e+00
9.662384e+09 -1.000944e+00 -1.021719e+00
9.700829e+09 -9.984386e-01 -1.021627e+00
9.739400e+09 -9.966058e-01 -1.021528e+00
9.777954e+09 -9.976595e-01 -1.021434e+00
9.816438e+09 -9.997735e-01 -1.021349e+00
9.854855e+09 -1.000171e+00 -1.021266e+00
9.893348e+09 -9.984607e-01 -1.021178e+00
9.931914e+09 -9.959319e-01 -1.021080e+00
9.970580e+09 -9.936264e-01 -1.020973e+00
