2.061549e+07 -1.167371e+00 -1.167371e+00
4.206193e+07 -1.124939e+00 -1.145736e+00
6.426450e+07 -1.087278e+00 -1.125539e+00
8.722135e+07 -1.052175e+00 -1.106230e+00
1.108811e+08 -1.022154e+00 -1.088290e+00
1.351808e+08 -9.970625e-01 -1.071891e+00
1.600375e+08 -9.748392e-01 -1.056817e+00
1.853373e+08 -9.598220e-01 -1.043577e+00
2.110128e+08 -9.458663e-01 -1.031688e+00
2.370507e+08 -9.328392e-01 -1.020830e+00
2.633824e+08 -9.236333e-01 -1.011113e+00
2.898674e+08 -9.201300e-01 -1.002800e+00
3.164795e+08 -9.159411e-01 -9.954959e-01
3.431791e+08 -9.121470e-01 -9.890113e-01
3.699638e+08 -9.092479e-01 -9.832366e-01
3.967947e+08 -9.087807e-01 -9.782019e-01
4.236943e+08 -9.057680e-01 -9.736032e-01
4.506786e+08 -9.038136e-01 -9.694246e-01
4.777000e+08 -9.014685e-01 -9.655806e-01
5.048181e+08 -8.983164e-01 -9.619673e-01
5.320487e+08 -8.941341e-01 -9.584955e-01
5.594142e+08 -8.896924e-01 -9.551298e-01
5.869709e+08 -8.827737e-01 -9.517329e-01
6.146511e+08 -8.813430e-01 -9.485629e-01
6.423879e+08 -8.772289e-01 -9.454829e-01
6.703078e+08 -8.719659e-01 -9.424207e-01
6.982930e+08 -8.706339e-01 -9.395438e-01
7.262809e+08 -8.711319e-01 -9.369075e-01
7.542602e+08 -8.712255e-01 -9.344710e-01
7.822729e+08 -8.706003e-01 -9.321838e-01
8.102964e+08 -8.698677e-01 -9.300287e-01
8.382934e+08 -8.714523e-01 -9.280723e-01
8.662872e+08 -8.704143e-01 -9.262091e-01
8.942538e+08 -8.726251e-01 -9.245334e-01
9.222070e+08 -8.718655e-01 -9.229369e-01
9.502309e+08 -8.690416e-01 -9.213475e-01
9.783791e+08 -8.654170e-01 -9.197383e-01
1.006628e+09 -8.626103e-01 -9.181352e-01
1.034916e+09 -8.624047e-01 -9.166119e-01
1.063149e+09 -8.647056e-01 -9.152334e-01
1.091208e+09 -8.703677e-01 -9.140798e-01
1.119093e+09 -8.772026e-01 -9.131609e-01
1.146855e+09 -8.788447e-01 -9.123302e-01
1.174584e+09 -8.794802e-01 -9.115547e-01
1.202294e+09 -8.799516e-01 -9.108263e-01
1.230008e+09 -8.795202e-01 -9.101209e-01
1.257777e+09 -8.768809e-01 -9.093871e-01
1.285736e+09 -8.700996e-01 -9.085327e-01
1.313830e+09 -8.672455e-01 -9.076499e-01
1.341887e+09 -8.697275e-01 -9.068570e-01
1.369920e+09 -8.699542e-01 -9.061018e-01
1.397885e+09 -8.723115e-01 -9.054258e-01
1.425804e+09 -8.736352e-01 -9.048033e-01
1.453602e+09 -8.788184e-01 -9.043064e-01
1.481311e+09 -8.804830e-01 -9.038608e-01
1.508950e+09 -8.820076e-01 -9.034605e-01
1.536665e+09 -8.795507e-01 -9.030293e-01
1.564413e+09 -8.782795e-01 -9.025903e-01
1.592223e+09 -8.755773e-01 -9.021185e-01
1.620041e+09 -8.761701e-01 -9.016729e-01
1.647829e+09 -8.782991e-01 -9.012788e-01
1.675566e+09 -8.792878e-01 -9.009147e-01
1.703273e+09 -8.811777e-01 -9.005937e-01
1.731010e+09 -8.780167e-01 -9.002319e-01
1.758857e+09 -8.748309e-01 -8.998297e-01
1.786826e+09 -8.698828e-01 -8.993610e-01
1.814967e+09 -8.650954e-01 -8.988297e-01
1.843296e+09 -8.589594e-01 -8.982169e-01
1.871790e+09 -8.547052e-01 -8.975546e-01
1.900332e+09 -8.542290e-01 -8.969038e-01
1.928857e+09 -8.555769e-01 -8.962927e-01
1.957377e+09 -8.543847e-01 -8.956820e-01
1.985940e+09 -8.542708e-01 -8.950865e-01
2.014405e+09 -8.573319e-01 -8.945530e-01
2.042806e+09 -8.587883e-01 -8.940557e-01
2.071189e+09 -8.594506e-01 -8.935815e-01
2.099521e+09 -8.620338e-01 -8.931558e-01
2.127674e+09 -8.674141e-01 -8.928152e-01
2.155666e+09 -8.716599e-01 -8.925405e-01
2.183624e+09 -8.718997e-01 -8.922762e-01
2.211690e+09 -8.673193e-01 -8.919595e-01
2.239830e+09 -8.679169e-01 -8.916574e-01
2.267906e+09 -8.682802e-01 -8.913680e-01
2.295989e+09 -8.679327e-01 -8.910814e-01
2.324054e+09 -8.705089e-01 -8.908329e-01
2.352009e+09 -8.730040e-01 -8.906210e-01
2.379907e+09 -8.737499e-01 -8.904233e-01
2.407801e+09 -8.752964e-01 -8.902480e-01
2.435631e+09 -8.771095e-01 -8.900979e-01
2.463434e+09 -8.769895e-01 -8.899500e-01
2.491257e+09 -8.769574e-01 -8.898049e-01
2.519165e+09 -8.723872e-01 -8.896119e-01
2.547217e+09 -8.679598e-01 -8.893734e-01
2.575392e+09 -8.654596e-01 -8.891118e-01
2.603644e+09 -8.622789e-01 -8.888207e-01
2.632010e+09 -8.588634e-01 -8.884978e-01
2.660428e+09 -8.580249e-01 -8.881723e-01
2.688825e+09 -8.589635e-01 -8.878638e-01
2.717206e+09 -8.586652e-01 -8.875588e-01
2.745591e+09 -8.584057e-01 -8.872574e-01
2.774033e+09 -8.571083e-01 -8.869483e-01
2.802489e+09 -8.569507e-01 -8.866437e-01
2.830991e+09 -8.552376e-01 -8.863275e-01
2.859504e+09 -8.548374e-01 -8.860135e-01
2.888035e+09 -8.552328e-01 -8.857095e-01
2.916514e+09 -8.568040e-01 -8.854272e-01
2.944929e+09 -8.581583e-01 -8.851641e-01
2.973240e+09 -8.628707e-01 -8.849518e-01
3.001387e+09 -8.671048e-01 -8.847845e-01
3.029423e+09 -8.704699e-01 -8.846520e-01
3.057367e+09 -8.723409e-01 -8.845395e-01
3.085358e+09 -8.713178e-01 -8.844195e-01
3.113325e+09 -8.723580e-01 -8.843112e-01
3.141273e+09 -8.722327e-01 -8.842037e-01
3.169208e+09 -8.726914e-01 -8.841022e-01
3.197201e+09 -8.711945e-01 -8.839892e-01
3.225210e+09 -8.705533e-01 -8.838725e-01
3.253170e+09 -8.726244e-01 -8.837759e-01
3.281142e+09 -8.711175e-01 -8.836679e-01
3.309157e+09 -8.701832e-01 -8.835538e-01
3.337151e+09 -8.716263e-01 -8.834537e-01
3.365083e+09 -8.733289e-01 -8.833697e-01
3.392995e+09 -8.742972e-01 -8.832950e-01
3.420841e+09 -8.763121e-01 -8.832382e-01
3.448663e+09 -8.767860e-01 -8.831862e-01
3.476435e+09 -8.779104e-01 -8.831440e-01
3.504203e+09 -8.771860e-01 -8.830968e-01
3.532047e+09 -8.758318e-01 -8.830395e-01
3.559926e+09 -8.750793e-01 -8.829772e-01
3.587843e+09 -8.727164e-01 -8.828973e-01
3.615923e+09 -8.663545e-01 -8.827689e-01
3.644230e+09 -8.600519e-01 -8.825924e-01
3.672672e+09 -8.560631e-01 -8.823870e-01
3.701161e+09 -8.563083e-01 -8.821862e-01
3.729656e+09 -8.561318e-01 -8.819872e-01
3.758018e+09 -8.614215e-01 -8.818320e-01
3.786154e+09 -8.688247e-01 -8.817353e-01
3.814132e+09 -8.732892e-01 -8.816734e-01
3.841930e+09 -8.772021e-01 -8.816410e-01
3.869710e+09 -8.784019e-01 -8.816177e-01
3.897473e+09 -8.779269e-01 -8.815915e-01
3.925235e+09 -8.781507e-01 -8.815671e-01
3.953064e+09 -8.755641e-01 -8.815249e-01
3.981046e+09 -8.694446e-01 -8.814400e-01
4.009221e+09 -8.637763e-01 -8.813158e-01
4.037522e+09 -8.614883e-01 -8.811768e-01
4.065792e+09 -8.623240e-01 -8.810458e-01
4.094044e+09 -8.634404e-01 -8.809243e-01
4.122185e+09 -8.677471e-01 -8.808343e-01
4.150240e+09 -8.691623e-01 -8.807554e-01
4.178289e+09 -8.692186e-01 -8.806780e-01
4.206438e+09 -8.655074e-01 -8.805764e-01
4.234591e+09 -8.668618e-01 -8.804853e-01
4.262785e+09 -8.639718e-01 -8.803760e-01
4.291067e+09 -8.612367e-01 -8.802499e-01
4.319489e+09 -8.560559e-01 -8.800907e-01
4.348078e+09 -8.521899e-01 -8.799072e-01
4.376705e+09 -8.529208e-01 -8.797307e-01
4.405172e+09 -8.584874e-01 -8.795935e-01
4.433447e+09 -8.640292e-01 -8.794942e-01
4.461571e+09 -8.678254e-01 -8.794206e-01
4.489615e+09 -8.698050e-01 -8.793606e-01
4.517677e+09 -8.693187e-01 -8.792982e-01
4.545684e+09 -8.711731e-01 -8.792481e-01
4.573632e+09 -8.723320e-01 -8.792059e-01
4.601560e+09 -8.738633e-01 -8.791735e-01
4.629412e+09 -8.756462e-01 -8.791522e-01
4.657256e+09 -8.759556e-01 -8.791331e-01
4.685090e+09 -8.760654e-01 -8.791149e-01
4.712905e+09 -8.764652e-01 -8.790993e-01
4.740780e+09 -8.740412e-01 -8.790695e-01
4.768659e+09 -8.746454e-01 -8.790436e-01
4.796522e+09 -8.759692e-01 -8.790258e-01
4.824336e+09 -8.772379e-01 -8.790155e-01
4.852123e+09 -8.782218e-01 -8.790109e-01
4.879859e+09 -8.794236e-01 -8.790133e-01
4.907574e+09 -8.802496e-01 -8.790203e-01
4.935305e+09 -8.786142e-01 -8.790180e-01
4.963144e+09 -8.744312e-01 -8.789923e-01
4.991104e+09 -8.711264e-01 -8.789482e-01
5.019130e+09 -8.696825e-01 -8.788965e-01
5.047203e+09 -8.691419e-01 -8.788422e-01
5.075277e+09 -8.683978e-01 -8.787844e-01
5.103361e+09 -8.679319e-01 -8.787247e-01
5.131450e+09 -8.691636e-01 -8.786724e-01
5.159463e+09 -8.699815e-01 -8.786252e-01
5.187532e+09 -8.682482e-01 -8.785690e-01
5.215620e+09 -8.684342e-01 -8.785145e-01
5.243716e+09 -8.674694e-01 -8.784553e-01
5.271810e+09 -8.681969e-01 -8.784006e-01
5.299887e+09 -8.683194e-01 -8.783472e-01
5.328003e+09 -8.672394e-01 -8.782886e-01
5.356143e+09 -8.670238e-01 -8.782294e-01
5.384161e+09 -8.714940e-01 -8.781943e-01
5.412135e+09 -8.731218e-01 -8.781681e-01
5.439996e+09 -8.763332e-01 -8.781587e-01
5.467828e+09 -8.763578e-01 -8.781496e-01
5.495661e+09 -8.753771e-01 -8.781355e-01
5.523594e+09 -8.725186e-01 -8.781071e-01
5.551592e+09 -8.706167e-01 -8.780693e-01
5.579618e+09 -8.694344e-01 -8.780260e-01
5.607724e+09 -8.668013e-01 -8.779697e-01
5.635876e+09 -8.660876e-01 -8.779104e-01
5.664015e+09 -8.672370e-01 -8.778573e-01
5.692130e+09 -8.674430e-01 -8.778059e-01
5.720207e+09 -8.689028e-01 -8.777622e-01
5.748322e+09 -8.663774e-01 -8.777065e-01
5.776521e+09 -8.640267e-01 -8.776397e-01
5.804768e+09 -8.635994e-01 -8.775714e-01
5.832988e+09 -8.638323e-01 -8.775049e-01
5.861194e+09 -8.653573e-01 -8.774465e-01
5.889401e+09 -8.637542e-01 -8.773809e-01
5.917704e+09 -8.598326e-01 -8.772970e-01
5.946147e+09 -8.565052e-01 -8.771975e-01
5.974608e+09 -8.562906e-01 -8.770979e-01
6.003090e+09 -8.562051e-01 -8.769988e-01
6.031520e+09 -8.575612e-01 -8.769072e-01
6.060048e+09 -8.536595e-01 -8.767977e-01
6.088701e+09 -8.499747e-01 -8.766715e-01
6.117460e+09 -8.465558e-01 -8.765299e-01
6.146314e+09 -8.454350e-01 -8.763840e-01
6.175112e+09 -8.471631e-01 -8.762477e-01
6.203956e+09 -8.444470e-01 -8.760998e-01
6.232830e+09 -8.453000e-01 -8.759571e-01
6.261588e+09 -8.493303e-01 -8.758349e-01
6.290171e+09 -8.542088e-01 -8.757366e-01
6.318627e+09 -8.587889e-01 -8.756603e-01
6.346930e+09 -8.623007e-01 -8.756007e-01
6.375100e+09 -8.673767e-01 -8.755643e-01
6.403234e+09 -8.671135e-01 -8.755272e-01
6.431286e+09 -8.698890e-01 -8.755026e-01
6.459349e+09 -8.693594e-01 -8.754759e-01
6.487281e+09 -8.744157e-01 -8.754714e-01
6.515152e+09 -8.749817e-01 -8.754693e-01
6.543043e+09 -8.746083e-01 -8.754656e-01
6.570937e+09 -8.737195e-01 -8.754582e-01
6.598835e+09 -8.751254e-01 -8.754568e-01
6.626631e+09 -8.775078e-01 -8.754654e-01
6.654419e+09 -8.771328e-01 -8.754724e-01
6.682240e+09 -8.762367e-01 -8.754755e-01
6.710075e+09 -8.758294e-01 -8.754770e-01
6.737901e+09 -8.768947e-01 -8.754829e-01
6.765669e+09 -8.786470e-01 -8.754958e-01
6.793407e+09 -8.789418e-01 -8.755099e-01
6.821074e+09 -8.811161e-01 -8.755327e-01
6.848809e+09 -8.787724e-01 -8.755458e-01
6.876562e+09 -8.782048e-01 -8.755565e-01
6.904394e+09 -8.750221e-01 -8.755544e-01
6.932284e+09 -8.737272e-01 -8.755470e-01
6.960209e+09 -8.739737e-01 -8.755407e-01
6.988157e+09 -8.711634e-01 -8.755232e-01
7.016209e+09 -8.689274e-01 -8.754968e-01
7.044236e+09 -8.709785e-01 -8.754788e-01
7.072188e+09 -8.727267e-01 -8.754680e-01
7.100146e+09 -8.713667e-01 -8.754518e-01
7.128163e+09 -8.700349e-01 -8.754305e-01
7.156177e+09 -8.707699e-01 -8.754123e-01
7.184186e+09 -8.706493e-01 -8.753937e-01
7.212145e+09 -8.725494e-01 -8.753827e-01
7.240074e+09 -8.735682e-01 -8.753757e-01
7.267951e+09 -8.754185e-01 -8.753758e-01
7.295694e+09 -8.806680e-01 -8.753960e-01
7.323306e+09 -8.840766e-01 -8.754287e-01
7.350833e+09 -8.865431e-01 -8.754703e-01
7.378326e+09 -8.875409e-01 -8.755153e-01
7.405765e+09 -8.880636e-01 -8.755618e-01
7.433241e+09 -8.869475e-01 -8.756039e-01
7.460750e+09 -8.863406e-01 -8.756435e-01
7.488278e+09 -8.857600e-01 -8.756806e-01
7.515845e+09 -8.832736e-01 -8.757085e-01
7.543563e+09 -8.785771e-01 -8.757190e-01
7.571375e+09 -8.758162e-01 -8.757194e-01
7.599313e+09 -8.719151e-01 -8.757054e-01
7.627280e+09 -8.714076e-01 -8.756897e-01
7.655303e+09 -8.696060e-01 -8.756674e-01
7.683318e+09 -8.706928e-01 -8.756492e-01
7.711289e+09 -8.717159e-01 -8.756350e-01
7.739283e+09 -8.707016e-01 -8.756171e-01
7.767410e+09 -8.654172e-01 -8.755802e-01
7.795693e+09 -8.607666e-01 -8.755265e-01
7.824075e+09 -8.587282e-01 -8.754655e-01
7.852486e+09 -8.578851e-01 -8.754019e-01
7.880851e+09 -8.601350e-01 -8.753470e-01
7.909124e+09 -8.628690e-01 -8.753024e-01
7.937263e+09 -8.682386e-01 -8.752773e-01
7.965302e+09 -8.704176e-01 -8.752602e-01
7.993319e+09 -8.706990e-01 -8.752442e-01
8.021301e+09 -8.709309e-01 -8.752292e-01
8.049342e+09 -8.692780e-01 -8.752084e-01
8.077365e+09 -8.716648e-01 -8.751961e-01
8.105258e+09 -8.736442e-01 -8.751908e-01
8.133281e+09 -8.691436e-01 -8.751700e-01
8.161361e+09 -8.677746e-01 -8.751445e-01
8.189568e+09 -8.631969e-01 -8.751034e-01
8.217838e+09 -8.624164e-01 -8.750597e-01
8.246131e+09 -8.609177e-01 -8.750112e-01
8.274501e+09 -8.589886e-01 -8.749563e-01
8.302881e+09 -8.605422e-01 -8.749070e-01
8.331132e+09 -8.643657e-01 -8.748713e-01
8.359336e+09 -8.654946e-01 -8.748396e-01
8.387386e+09 -8.709071e-01 -8.748265e-01
8.415348e+09 -8.722767e-01 -8.748180e-01
8.443249e+09 -8.734660e-01 -8.748135e-01
8.471211e+09 -8.721561e-01 -8.748048e-01
8.499256e+09 -8.680822e-01 -8.747826e-01
8.527421e+09 -8.648766e-01 -8.747499e-01
8.555704e+09 -8.607232e-01 -8.747035e-01
8.584110e+09 -8.577753e-01 -8.746475e-01
8.612534e+09 -8.585155e-01 -8.745942e-01
8.640927e+09 -8.597628e-01 -8.745455e-01
8.669232e+09 -8.614205e-01 -8.745026e-01
8.697472e+09 -8.644636e-01 -8.744700e-01
8.725707e+09 -8.630359e-01 -8.744330e-01
8.753950e+09 -8.635331e-01 -8.743979e-01
8.782145e+09 -8.664472e-01 -8.743724e-01
8.810212e+09 -8.695406e-01 -8.743570e-01
8.838202e+09 -8.716198e-01 -8.743483e-01
8.866141e+09 -8.725978e-01 -8.743428e-01
8.894165e+09 -8.694159e-01 -8.743273e-01
8.922190e+09 -8.707905e-01 -8.743161e-01
8.950242e+09 -8.684864e-01 -8.742979e-01
8.978403e+09 -8.652809e-01 -8.742696e-01
9.006666e+09 -8.609207e-01 -8.742277e-01
9.035131e+09 -8.551315e-01 -8.741675e-01
9.063672e+09 -8.545289e-01 -8.741057e-01
9.092196e+09 -8.545587e-01 -8.740444e-01
9.120736e+09 -8.549508e-01 -8.739846e-01
9.149265e+09 -8.547483e-01 -8.739246e-01
9.177773e+09 -8.557485e-01 -8.738682e-01
9.206272e+09 -8.557875e-01 -8.738122e-01
9.234810e+09 -8.541110e-01 -8.737513e-01
9.263370e+09 -8.541707e-01 -8.736910e-01
9.291898e+09 -8.555264e-01 -8.736352e-01
9.320325e+09 -8.586734e-01 -8.735896e-01
9.348715e+09 -8.592196e-01 -8.735459e-01
9.377068e+09 -8.609682e-01 -8.735079e-01
9.405329e+09 -8.631315e-01 -8.734767e-01
9.433446e+09 -8.690504e-01 -8.734635e-01
9.461440e+09 -8.729924e-01 -8.734621e-01
9.489287e+09 -8.769019e-01 -8.734722e-01
9.516964e+09 -8.823152e-01 -8.734979e-01
9.544621e+09 -8.812985e-01 -8.735205e-01
9.572303e+09 -8.803220e-01 -8.735402e-01
9.600039e+09 -8.784255e-01 -8.735543e-01
9.627827e+09 -8.765165e-01 -8.735629e-01
9.655657e+09 -8.772513e-01 -8.735735e-01
9.683421e+09 -8.790282e-01 -8.735891e-01
9.711181e+09 -8.780416e-01 -8.736019e-01
9.738949e+09 -8.786823e-01 -8.736164e-01
9.766771e+09 -8.759420e-01 -8.736230e-01
9.794626e+09 -8.753290e-01 -8.736278e-01
9.822538e+09 -8.730184e-01 -8.736261e-01
9.850543e+09 -8.698420e-01 -8.736153e-01
9.878693e+09 -8.639382e-01 -8.735878e-01
9.906996e+09 -8.612333e-01 -8.735525e-01
9.935310e+09 -8.615437e-01 -8.735183e-01
9.963650e+09 -8.602616e-01 -8.734805e-01
9.991998e+09 -8.603440e-01 -8.734433e-01
