2.055118e+07 -9.424385e-01 -9.424385e-01
4.182955e+07 -9.130736e-01 -9.275008e-01
6.375306e+07 -8.868993e-01 -9.135386e-01
8.625567e+07 -8.654319e-01 -9.009884e-01
1.092308e+08 -8.486714e-01 -8.899843e-01
1.326100e+08 -8.348346e-01 -8.802614e-01
1.562995e+08 -8.247559e-01 -8.718487e-01
1.802521e+08 -8.163137e-01 -8.644690e-01
2.043934e+08 -8.105049e-01 -8.580952e-01
2.286591e+08 -8.064509e-01 -8.526146e-01
2.530754e+08 -8.022901e-01 -8.477594e-01
2.775606e+08 -7.999593e-01 -8.435427e-01
3.021652e+08 -7.958482e-01 -8.396590e-01
3.268518e+08 -7.933351e-01 -8.361602e-01
3.516116e+08 -7.908996e-01 -8.329731e-01
3.764832e+08 -7.874387e-01 -8.299649e-01
4.014142e+08 -7.866653e-01 -8.272757e-01
4.263456e+08 -7.862341e-01 -8.248757e-01
4.513258e+08 -7.847370e-01 -8.226541e-01
4.763445e+08 -7.832188e-01 -8.205828e-01
5.013932e+08 -7.819311e-01 -8.186519e-01
5.264725e+08 -7.821360e-01 -8.169124e-01
5.514878e+08 -7.841911e-01 -8.154282e-01
5.764136e+08 -7.870181e-01 -8.141996e-01
6.013023e+08 -7.877732e-01 -8.131058e-01
6.262224e+08 -7.861686e-01 -8.120339e-01
6.511654e+08 -7.860017e-01 -8.110367e-01
6.760655e+08 -7.870541e-01 -8.101534e-01
7.010103e+08 -7.861486e-01 -8.092992e-01
7.260059e+08 -7.839246e-01 -8.084256e-01
7.510561e+08 -7.816427e-01 -8.075323e-01
7.762861e+08 -7.749703e-01 -8.064740e-01
8.016746e+08 -7.708496e-01 -8.053458e-01
8.271826e+08 -7.676702e-01 -8.041840e-01
8.528628e+08 -7.613309e-01 -8.028937e-01
8.786983e+08 -7.582558e-01 -8.015812e-01
9.045798e+08 -7.572838e-01 -8.003138e-01
9.305159e+08 -7.555163e-01 -7.990652e-01
9.564428e+08 -7.569231e-01 -7.979228e-01
9.823344e+08 -7.572162e-01 -7.968499e-01
1.008196e+09 -7.577183e-01 -7.958461e-01
1.034030e+09 -7.592821e-01 -7.949326e-01
1.059841e+09 -7.594587e-01 -7.940687e-01
1.085694e+09 -7.578934e-01 -7.932073e-01
1.111588e+09 -7.570841e-01 -7.923658e-01
1.137488e+09 -7.568916e-01 -7.915580e-01
1.163372e+09 -7.579490e-01 -7.908103e-01
1.189219e+09 -7.592764e-01 -7.901249e-01
1.214978e+09 -7.610869e-01 -7.895093e-01
1.240686e+09 -7.630478e-01 -7.889610e-01
1.266320e+09 -7.652053e-01 -7.884801e-01
1.291936e+09 -7.656363e-01 -7.880271e-01
1.317603e+09 -7.635496e-01 -7.875503e-01
1.343263e+09 -7.640025e-01 -7.871005e-01
1.368909e+09 -7.642418e-01 -7.866722e-01
1.394541e+09 -7.649173e-01 -7.862724e-01
1.420156e+09 -7.653305e-01 -7.858946e-01
1.445686e+09 -7.694237e-01 -7.856038e-01
1.471049e+09 -7.744886e-01 -7.854121e-01
1.496404e+09 -7.724775e-01 -7.851930e-01
1.521791e+09 -7.726851e-01 -7.849843e-01
1.547164e+09 -7.726863e-01 -7.847826e-01
1.572483e+09 -7.750223e-01 -7.846255e-01
1.597762e+09 -7.753342e-01 -7.844785e-01
1.623080e+09 -7.730307e-01 -7.842999e-01
1.648458e+09 -7.717613e-01 -7.841069e-01
1.673921e+09 -7.692782e-01 -7.838813e-01
1.699393e+09 -7.698600e-01 -7.836711e-01
1.724792e+09 -7.725569e-01 -7.835075e-01
1.750099e+09 -7.753840e-01 -7.833900e-01
1.775315e+09 -7.786123e-01 -7.833222e-01
1.800444e+09 -7.809484e-01 -7.832890e-01
1.825525e+09 -7.816829e-01 -7.832670e-01
1.850629e+09 -7.804452e-01 -7.832287e-01
1.875774e+09 -7.793414e-01 -7.831766e-01
1.900919e+09 -7.797242e-01 -7.831309e-01
1.926126e+09 -7.774048e-01 -7.830560e-01
1.951327e+09 -7.779431e-01 -7.829899e-01
1.976496e+09 -7.797988e-01 -7.829493e-01
2.001619e+09 -7.808107e-01 -7.829225e-01
2.026776e+09 -7.790482e-01 -7.828744e-01
2.051948e+09 -7.788855e-01 -7.828254e-01
2.077133e+09 -7.785754e-01 -7.827739e-01
2.102298e+09 -7.791738e-01 -7.827308e-01
2.127470e+09 -7.785277e-01 -7.826811e-01
2.152638e+09 -7.795654e-01 -7.826446e-01
2.177788e+09 -7.793878e-01 -7.826070e-01
2.202986e+09 -7.774071e-01 -7.825476e-01
2.228259e+09 -7.745762e-01 -7.824571e-01
2.253625e+09 -7.726697e-01 -7.823470e-01
2.279053e+09 -7.704244e-01 -7.822140e-01
2.304479e+09 -7.707486e-01 -7.820875e-01
2.329919e+09 -7.707359e-01 -7.819635e-01
2.355322e+09 -7.725721e-01 -7.818622e-01
2.380647e+09 -7.744208e-01 -7.817831e-01
2.405906e+09 -7.763409e-01 -7.817259e-01
2.431217e+09 -7.738395e-01 -7.816438e-01
2.456576e+09 -7.735288e-01 -7.815600e-01
2.481926e+09 -7.732854e-01 -7.814755e-01
2.507327e+09 -7.716509e-01 -7.813760e-01
2.532672e+09 -7.740306e-01 -7.813025e-01
2.557952e+09 -7.758188e-01 -7.812483e-01
2.583207e+09 -7.761567e-01 -7.811985e-01
2.608460e+09 -7.761681e-01 -7.811498e-01
2.633711e+09 -7.767166e-01 -7.811073e-01
2.658944e+09 -7.775423e-01 -7.810735e-01
2.684191e+09 -7.759823e-01 -7.810256e-01
2.709460e+09 -7.759246e-01 -7.809780e-01
2.734673e+09 -7.787089e-01 -7.809571e-01
2.759842e+09 -7.789666e-01 -7.809390e-01
2.784942e+09 -7.810772e-01 -7.809402e-01
2.810068e+09 -7.801626e-01 -7.809332e-01
2.835238e+09 -7.782263e-01 -7.809092e-01
2.860472e+09 -7.761530e-01 -7.808673e-01
2.885809e+09 -7.733226e-01 -7.808010e-01
2.911181e+09 -7.717180e-01 -7.807219e-01
2.936633e+09 -7.705611e-01 -7.806338e-01
2.962089e+09 -7.700152e-01 -7.805425e-01
2.987493e+09 -7.726624e-01 -7.804755e-01
3.012796e+09 -7.751558e-01 -7.804308e-01
3.038139e+09 -7.728785e-01 -7.803678e-01
3.063511e+09 -7.724534e-01 -7.803023e-01
3.088911e+09 -7.717917e-01 -7.802323e-01
3.114335e+09 -7.708381e-01 -7.801556e-01
3.139780e+09 -7.709149e-01 -7.800807e-01
3.165223e+09 -7.697977e-01 -7.799981e-01
3.190642e+09 -7.722996e-01 -7.799368e-01
3.216024e+09 -7.720977e-01 -7.798749e-01
3.241442e+09 -7.708888e-01 -7.798044e-01
3.266844e+09 -7.723384e-01 -7.797464e-01
3.292179e+09 -7.744556e-01 -7.797056e-01
3.317480e+09 -7.754213e-01 -7.796730e-01
3.342750e+09 -7.760006e-01 -7.796452e-01
3.368005e+09 -7.761206e-01 -7.796188e-01
3.393288e+09 -7.748853e-01 -7.795835e-01
3.418633e+09 -7.725552e-01 -7.795314e-01
3.444137e+09 -7.668190e-01 -7.794373e-01
3.469766e+09 -7.643093e-01 -7.793255e-01
3.495419e+09 -7.647978e-01 -7.792189e-01
3.520999e+09 -7.674275e-01 -7.791332e-01
3.546513e+09 -7.685947e-01 -7.790574e-01
3.572025e+09 -7.679498e-01 -7.789781e-01
3.597620e+09 -7.655389e-01 -7.788825e-01
3.623250e+09 -7.643416e-01 -7.787796e-01
3.648926e+09 -7.631579e-01 -7.786697e-01
3.674627e+09 -7.623763e-01 -7.785557e-01
3.700370e+09 -7.619736e-01 -7.784404e-01
3.726023e+09 -7.653722e-01 -7.783504e-01
3.751598e+09 -7.664797e-01 -7.782695e-01
3.777134e+09 -7.687299e-01 -7.782050e-01
3.802641e+09 -7.689860e-01 -7.781432e-01
3.828134e+09 -7.689308e-01 -7.780818e-01
3.853588e+09 -7.710737e-01 -7.780355e-01
3.878979e+09 -7.726441e-01 -7.780002e-01
3.904284e+09 -7.757198e-01 -7.779854e-01
3.929501e+09 -7.778942e-01 -7.779849e-01
3.954710e+09 -7.777760e-01 -7.779835e-01
3.979930e+09 -7.767368e-01 -7.779756e-01
4.005177e+09 -7.773706e-01 -7.779718e-01
4.030417e+09 -7.756637e-01 -7.779574e-01
4.055709e+09 -7.753522e-01 -7.779411e-01
4.080985e+09 -7.752290e-01 -7.779243e-01
4.106284e+09 -7.752528e-01 -7.779079e-01
4.131516e+09 -7.771875e-01 -7.779035e-01
4.156768e+09 -7.763063e-01 -7.778938e-01
4.182029e+09 -7.762757e-01 -7.778840e-01
4.207324e+09 -7.745992e-01 -7.778642e-01
4.232651e+09 -7.733313e-01 -7.778371e-01
4.258035e+09 -7.728724e-01 -7.778075e-01
4.283351e+09 -7.746644e-01 -7.777889e-01
4.308689e+09 -7.732856e-01 -7.777625e-01
4.334118e+09 -7.701106e-01 -7.777176e-01
4.359605e+09 -7.690759e-01 -7.776670e-01
4.385085e+09 -7.697297e-01 -7.776209e-01
4.410522e+09 -7.709236e-01 -7.775823e-01
4.435901e+09 -7.729217e-01 -7.775556e-01
4.461246e+09 -7.729724e-01 -7.775296e-01
4.486669e+09 -7.703922e-01 -7.774891e-01
4.512137e+09 -7.694613e-01 -7.774438e-01
4.537578e+09 -7.708718e-01 -7.774070e-01
4.562947e+09 -7.738206e-01 -7.773870e-01
4.588237e+09 -7.754075e-01 -7.773761e-01
4.613528e+09 -7.751007e-01 -7.773637e-01
4.638880e+09 -7.718027e-01 -7.773333e-01
4.664355e+09 -7.690261e-01 -7.772879e-01
4.689851e+09 -7.685965e-01 -7.772407e-01
4.715331e+09 -7.699173e-01 -7.772011e-01
4.740748e+09 -7.713902e-01 -7.771699e-01
4.766131e+09 -7.727743e-01 -7.771465e-01
4.791506e+09 -7.725508e-01 -7.771222e-01
4.816854e+09 -7.738802e-01 -7.771051e-01
4.842221e+09 -7.724583e-01 -7.770808e-01
4.867625e+09 -7.713226e-01 -7.770507e-01
4.893053e+09 -7.706649e-01 -7.770175e-01
4.918488e+09 -7.703598e-01 -7.769831e-01
4.943915e+09 -7.708554e-01 -7.769516e-01
4.969382e+09 -7.689828e-01 -7.769108e-01
4.994888e+09 -7.689213e-01 -7.768700e-01
5.020352e+09 -7.706928e-01 -7.768386e-01
5.045800e+09 -7.700666e-01 -7.768045e-01
5.071273e+09 -7.695642e-01 -7.767681e-01
5.096715e+09 -7.709706e-01 -7.767392e-01
5.122135e+09 -7.713527e-01 -7.767124e-01
5.147528e+09 -7.722721e-01 -7.766905e-01
5.172916e+09 -7.721660e-01 -7.766683e-01
5.198278e+09 -7.732512e-01 -7.766516e-01
5.223617e+09 -7.738877e-01 -7.766382e-01
5.248933e+09 -7.744256e-01 -7.766276e-01
5.274276e+09 -7.731137e-01 -7.766107e-01
5.299590e+09 -7.749563e-01 -7.766028e-01
5.324874e+09 -7.757728e-01 -7.765988e-01
5.350113e+09 -7.768135e-01 -7.765999e-01
5.375377e+09 -7.754706e-01 -7.765945e-01
5.400697e+09 -7.744479e-01 -7.765845e-01
5.425982e+09 -7.754644e-01 -7.765793e-01
5.451205e+09 -7.776500e-01 -7.765842e-01
5.476443e+09 -7.766032e-01 -7.765843e-01
5.501716e+09 -7.752507e-01 -7.765782e-01
5.527022e+09 -7.742080e-01 -7.765673e-01
5.552283e+09 -7.765074e-01 -7.765671e-01
5.577585e+09 -7.738660e-01 -7.765548e-01
5.602932e+09 -7.731342e-01 -7.765393e-01
5.628255e+09 -7.742780e-01 -7.765292e-01
5.653552e+09 -7.757313e-01 -7.765256e-01
5.678808e+09 -7.770408e-01 -7.765279e-01
5.704024e+09 -7.776774e-01 -7.765330e-01
5.729243e+09 -7.773705e-01 -7.765366e-01
5.754457e+09 -7.770782e-01 -7.765390e-01
5.779756e+09 -7.742834e-01 -7.765291e-01
5.805127e+09 -7.725234e-01 -7.765116e-01
5.830486e+09 -7.726557e-01 -7.764949e-01
5.855925e+09 -7.698443e-01 -7.764660e-01
5.881460e+09 -7.674944e-01 -7.764270e-01
5.907027e+09 -7.663413e-01 -7.763834e-01
5.932650e+09 -7.651698e-01 -7.763349e-01
5.958245e+09 -7.667894e-01 -7.762939e-01
5.983722e+09 -7.706469e-01 -7.762699e-01
6.009074e+09 -7.740490e-01 -7.762605e-01
6.034359e+09 -7.752825e-01 -7.762564e-01
6.059703e+09 -7.733413e-01 -7.762442e-01
6.085124e+09 -7.701841e-01 -7.762189e-01
6.110605e+09 -7.696803e-01 -7.761916e-01
6.136074e+09 -7.705670e-01 -7.761683e-01
6.161495e+09 -7.713044e-01 -7.761482e-01
6.186896e+09 -7.717783e-01 -7.761303e-01
6.212301e+09 -7.719747e-01 -7.761133e-01
6.237619e+09 -7.752871e-01 -7.761099e-01
6.262881e+09 -7.763238e-01 -7.761108e-01
6.288130e+09 -7.763729e-01 -7.761119e-01
6.313424e+09 -7.740721e-01 -7.761037e-01
6.338831e+09 -7.705572e-01 -7.760815e-01
6.364321e+09 -7.688507e-01 -7.760525e-01
6.389808e+09 -7.695565e-01 -7.760266e-01
6.415280e+09 -7.697789e-01 -7.760018e-01
6.440712e+09 -7.710737e-01 -7.759823e-01
6.466082e+09 -7.726860e-01 -7.759694e-01
6.491458e+09 -7.725972e-01 -7.759562e-01
6.516810e+09 -7.745838e-01 -7.759509e-01
6.542145e+09 -7.736533e-01 -7.759420e-01
6.567472e+09 -7.745552e-01 -7.759366e-01
6.592749e+09 -7.760324e-01 -7.759370e-01
6.618041e+09 -7.746100e-01 -7.759319e-01
6.643373e+09 -7.736468e-01 -7.759232e-01
6.668711e+09 -7.745475e-01 -7.759180e-01
6.694023e+09 -7.744415e-01 -7.759124e-01
6.719288e+09 -7.765628e-01 -7.759148e-01
6.744515e+09 -7.774502e-01 -7.759206e-01
6.769754e+09 -7.763327e-01 -7.759221e-01
6.795015e+09 -7.763432e-01 -7.759237e-01
6.820293e+09 -7.752578e-01 -7.759212e-01
6.845598e+09 -7.742025e-01 -7.759149e-01
6.871011e+09 -7.707276e-01 -7.758957e-01
6.896495e+09 -7.691155e-01 -7.758706e-01
6.921959e+09 -7.701942e-01 -7.758497e-01
6.947329e+09 -7.735744e-01 -7.758414e-01
6.972640e+09 -7.749998e-01 -7.758384e-01
6.997905e+09 -7.766041e-01 -7.758411e-01
7.023158e+09 -7.760708e-01 -7.758420e-01
7.048421e+09 -7.763104e-01 -7.758436e-01
7.073659e+09 -7.763856e-01 -7.758456e-01
7.098892e+09 -7.771866e-01 -7.758503e-01
7.124113e+09 -7.776424e-01 -7.758567e-01
7.149382e+09 -7.749091e-01 -7.758533e-01
7.174778e+09 -7.707058e-01 -7.758351e-01
7.200210e+09 -7.715914e-01 -7.758201e-01
7.225583e+09 -7.726902e-01 -7.758091e-01
7.250962e+09 -7.722344e-01 -7.757966e-01
7.276413e+09 -7.697919e-01 -7.757756e-01
7.301917e+09 -7.682891e-01 -7.757495e-01
7.327429e+09 -7.679505e-01 -7.757223e-01
7.353025e+09 -7.651373e-01 -7.756855e-01
7.378669e+09 -7.641338e-01 -7.756453e-01
7.404326e+09 -7.637900e-01 -7.756042e-01
7.430010e+09 -7.628260e-01 -7.755601e-01
7.455741e+09 -7.611926e-01 -7.755105e-01
7.481520e+09 -7.599144e-01 -7.754568e-01
7.507332e+09 -7.599241e-01 -7.754033e-01
7.533053e+09 -7.633120e-01 -7.753621e-01
7.558645e+09 -7.669178e-01 -7.753335e-01
7.584181e+09 -7.684069e-01 -7.753101e-01
7.609630e+09 -7.705356e-01 -7.752942e-01
7.635104e+09 -7.683728e-01 -7.752711e-01
7.660697e+09 -7.654808e-01 -7.752384e-01
7.686361e+09 -7.638184e-01 -7.752002e-01
7.712023e+09 -7.638783e-01 -7.751626e-01
7.737680e+09 -7.642507e-01 -7.751264e-01
7.763291e+09 -7.659653e-01 -7.750962e-01
7.788804e+09 -7.699014e-01 -7.750792e-01
7.814225e+09 -7.718335e-01 -7.750686e-01
7.839642e+09 -7.711526e-01 -7.750559e-01
7.865043e+09 -7.718941e-01 -7.750457e-01
7.890432e+09 -7.721208e-01 -7.750363e-01
7.915783e+09 -7.737788e-01 -7.750323e-01
7.941077e+09 -7.757106e-01 -7.750344e-01
7.966298e+09 -7.777116e-01 -7.750429e-01
7.991507e+09 -7.776605e-01 -7.750511e-01
8.016746e+09 -7.761082e-01 -7.750545e-01
8.042062e+09 -7.736937e-01 -7.750502e-01
8.067464e+09 -7.716924e-01 -7.750396e-01
8.092828e+09 -7.731036e-01 -7.750335e-01
8.118092e+09 -7.763183e-01 -7.750375e-01
8.143292e+09 -7.781361e-01 -7.750471e-01
8.168509e+09 -7.769189e-01 -7.750529e-01
8.193740e+09 -7.771002e-01 -7.750592e-01
8.218998e+09 -7.758071e-01 -7.750615e-01
8.244244e+09 -7.769916e-01 -7.750674e-01
8.269411e+09 -7.793589e-01 -7.750805e-01
8.294504e+09 -7.821190e-01 -7.751018e-01
8.319550e+09 -7.828927e-01 -7.751252e-01
8.344556e+09 -7.844400e-01 -7.751531e-01
8.369564e+09 -7.836290e-01 -7.751785e-01
8.394567e+09 -7.840818e-01 -7.752050e-01
8.419561e+09 -7.841033e-01 -7.752314e-01
8.444524e+09 -7.861269e-01 -7.752636e-01
8.469517e+09 -7.840535e-01 -7.752896e-01
8.494570e+09 -7.825120e-01 -7.753109e-01
8.519683e+09 -7.798033e-01 -7.753241e-01
8.544873e+09 -7.777126e-01 -7.753311e-01
8.570108e+09 -7.761604e-01 -7.753336e-01
8.595375e+09 -7.758955e-01 -7.753352e-01
8.620700e+09 -7.734053e-01 -7.753296e-01
8.646047e+09 -7.731773e-01 -7.753233e-01
8.671461e+09 -7.710512e-01 -7.753107e-01
8.696868e+09 -7.720742e-01 -7.753013e-01
8.722233e+09 -7.727363e-01 -7.752938e-01
8.747601e+09 -7.727560e-01 -7.752865e-01
8.772979e+09 -7.729780e-01 -7.752798e-01
8.798304e+09 -7.743539e-01 -7.752771e-01
8.823671e+09 -7.725085e-01 -7.752692e-01
8.849026e+09 -7.733956e-01 -7.752638e-01
8.874330e+09 -7.749875e-01 -7.752630e-01
8.899642e+09 -7.739347e-01 -7.752592e-01
8.925023e+09 -7.720024e-01 -7.752500e-01
8.950454e+09 -7.712579e-01 -7.752386e-01
8.975895e+09 -7.697489e-01 -7.752231e-01
9.001444e+09 -7.663885e-01 -7.751980e-01
9.027058e+09 -7.646212e-01 -7.751680e-01
9.052734e+09 -7.636090e-01 -7.751352e-01
9.078367e+09 -7.653223e-01 -7.751075e-01
9.103931e+09 -7.670342e-01 -7.750848e-01
9.129495e+09 -7.671998e-01 -7.750627e-01
9.155033e+09 -7.677640e-01 -7.750424e-01
9.180581e+09 -7.668424e-01 -7.750196e-01
9.206179e+09 -7.658521e-01 -7.749941e-01
9.231797e+09 -7.654150e-01 -7.749675e-01
9.257410e+09 -7.657182e-01 -7.749419e-01
9.282967e+09 -7.678700e-01 -7.749224e-01
9.308493e+09 -7.690461e-01 -7.749063e-01
9.333926e+09 -7.715022e-01 -7.748970e-01
9.359276e+09 -7.735050e-01 -7.748933e-01
9.384659e+09 -7.721968e-01 -7.748860e-01
9.409991e+09 -7.737477e-01 -7.748829e-01
9.435335e+09 -7.738920e-01 -7.748802e-01
9.460644e+09 -7.747298e-01 -7.748798e-01
9.485894e+09 -7.765757e-01 -7.748844e-01
9.511181e+09 -7.746836e-01 -7.748838e-01
9.536501e+09 -7.739285e-01 -7.748813e-01
9.561826e+09 -7.743674e-01 -7.748799e-01
9.587131e+09 -7.748289e-01 -7.748798e-01
9.612422e+09 -7.751623e-01 -7.748805e-01
9.637679e+09 -7.767147e-01 -7.748853e-01
9.662924e+09 -7.765612e-01 -7.748897e-01
9.688215e+09 -7.747062e-01 -7.748892e-01
9.713552e+09 -7.735856e-01 -7.748858e-01
9.738928e+09 -7.722524e-01 -7.748790e-01
9.764322e+09 -7.719868e-01 -7.748715e-01
9.789718e+09 -7.718804e-01 -7.748637e-01
9.815119e+09 -7.719816e-01 -7.748562e-01
9.840490e+09 -7.735748e-01 -7.748529e-01
9.865856e+09 -7.729340e-01 -7.748480e-01
9.891220e+09 -7.728405e-01 -7.748428e-01
9.916560e+09 -7.732398e-01 -7.748388e-01
9.941944e+09 -7.720710e-01 -7.748317e-01
9.967362e+09 -7.711482e-01 -7.748223e-01
9.992854e+09 -7.683132e-01 -7.748057e-01
