2.066076e+07 -1.390142e+00 -1.390142e+00
4.219696e+07 -1.336578e+00 -1.362804e+00
6.459505e+07 -1.285108e+00 -1.335863e+00
8.789217e+07 -1.235986e+00 -1.309389e+00
1.120763e+08 -1.191175e+00 -1.283881e+00
1.370947e+08 -1.153873e+00 -1.260156e+00
1.628820e+08 -1.119057e+00 -1.237817e+00
1.893634e+08 -1.092294e+00 -1.217467e+00
2.163780e+08 -1.071453e+00 -1.199237e+00
2.438967e+08 -1.052904e+00 -1.182726e+00
2.718499e+08 -1.036628e+00 -1.167704e+00
3.001537e+08 -1.025692e+00 -1.154312e+00
3.287831e+08 -1.014126e+00 -1.142105e+00
3.576568e+08 -1.006533e+00 -1.131161e+00
3.866595e+08 -1.001850e+00 -1.121461e+00
4.158738e+08 -9.950569e-01 -1.112582e+00
4.452738e+08 -9.883441e-01 -1.104379e+00
4.748731e+08 -9.814609e-01 -1.096717e+00
5.045496e+08 -9.824335e-01 -1.089995e+00
5.341997e+08 -9.808331e-01 -1.083936e+00
5.639535e+08 -9.763946e-01 -1.078262e+00
5.939478e+08 -9.692486e-01 -1.072757e+00
6.240276e+08 -9.681474e-01 -1.067715e+00
6.541017e+08 -9.677610e-01 -1.063119e+00
6.841881e+08 -9.674832e-01 -1.058914e+00
7.142507e+08 -9.688717e-01 -1.055124e+00
7.443119e+08 -9.689422e-01 -1.051643e+00
7.743312e+08 -9.689008e-01 -1.048435e+00
8.044464e+08 -9.663454e-01 -1.045362e+00
8.345845e+08 -9.656152e-01 -1.042482e+00
8.647548e+08 -9.648912e-01 -1.039775e+00
8.949195e+08 -9.664472e-01 -1.037304e+00
9.250371e+08 -9.659002e-01 -1.034979e+00
9.552707e+08 -9.621688e-01 -1.032675e+00
9.856292e+08 -9.577450e-01 -1.030367e+00
1.016074e+09 -9.565047e-01 -1.028153e+00
1.046595e+09 -9.536023e-01 -1.025979e+00
1.077158e+09 -9.522400e-01 -1.023887e+00
1.107747e+09 -9.524085e-01 -1.021913e+00
1.138333e+09 -9.515716e-01 -1.020023e+00
1.168909e+09 -9.532777e-01 -1.018277e+00
1.199440e+09 -9.534992e-01 -1.016629e+00
1.229919e+09 -9.558320e-01 -1.015122e+00
1.260401e+09 -9.540308e-01 -1.013644e+00
1.290996e+09 -9.516724e-01 -1.012176e+00
1.321609e+09 -9.503192e-01 -1.010743e+00
1.352243e+09 -9.513738e-01 -1.009398e+00
1.382885e+09 -9.501753e-01 -1.008086e+00
1.413523e+09 -9.504514e-01 -1.006837e+00
1.444097e+09 -9.531573e-01 -1.005700e+00
1.474612e+09 -9.538665e-01 -1.004627e+00
1.505201e+09 -9.511740e-01 -1.003541e+00
1.535864e+09 -9.486826e-01 -1.002446e+00
1.566673e+09 -9.437621e-01 -1.001292e+00
1.597588e+09 -9.411573e-01 -1.000128e+00
1.628488e+09 -9.425081e-01 -9.990349e-01
1.659432e+09 -9.396338e-01 -9.979272e-01
1.690491e+09 -9.369520e-01 -9.968069e-01
1.721556e+09 -9.373266e-01 -9.957336e-01
1.752563e+09 -9.401457e-01 -9.947502e-01
1.783447e+09 -9.442746e-01 -9.938761e-01
1.814208e+09 -9.470371e-01 -9.930819e-01
1.844937e+09 -9.483862e-01 -9.923374e-01
1.875563e+09 -9.520464e-01 -9.916795e-01
1.906133e+09 -9.525027e-01 -9.910512e-01
1.936688e+09 -9.524415e-01 -9.904421e-01
1.967275e+09 -9.525071e-01 -9.898523e-01
1.997837e+09 -9.534374e-01 -9.892952e-01
2.028310e+09 -9.565486e-01 -9.888032e-01
2.058739e+09 -9.573230e-01 -9.883379e-01
2.089154e+09 -9.578688e-01 -9.878943e-01
2.119389e+09 -9.651342e-01 -9.875697e-01
2.149462e+09 -9.681982e-01 -9.872986e-01
2.179576e+09 -9.660812e-01 -9.870055e-01
2.209714e+09 -9.668816e-01 -9.867310e-01
2.239853e+09 -9.658644e-01 -9.864502e-01
2.270051e+09 -9.634867e-01 -9.861448e-01
2.300307e+09 -9.624276e-01 -9.858328e-01
2.330597e+09 -9.613286e-01 -9.855143e-01
2.360899e+09 -9.602350e-01 -9.851899e-01
2.391276e+09 -9.577739e-01 -9.848416e-01
2.421817e+09 -9.511968e-01 -9.844173e-01
2.452535e+09 -9.478118e-01 -9.839588e-01
2.483239e+09 -9.476814e-01 -9.835103e-01
2.513897e+09 -9.509190e-01 -9.831128e-01
2.544509e+09 -9.517479e-01 -9.827355e-01
2.575112e+09 -9.513497e-01 -9.823625e-01
2.605754e+09 -9.502755e-01 -9.819852e-01
2.636323e+09 -9.539406e-01 -9.816600e-01
2.666863e+09 -9.526028e-01 -9.813272e-01
2.697420e+09 -9.526692e-01 -9.810026e-01
2.728043e+09 -9.498475e-01 -9.806529e-01
2.758778e+09 -9.467337e-01 -9.802750e-01
2.789582e+09 -9.446027e-01 -9.798811e-01
2.820378e+09 -9.459040e-01 -9.795101e-01
2.851172e+09 -9.452102e-01 -9.791396e-01
2.882021e+09 -9.439851e-01 -9.787633e-01
2.912930e+09 -9.419774e-01 -9.783730e-01
2.943789e+09 -9.441130e-01 -9.780138e-01
2.974655e+09 -9.417540e-01 -9.776376e-01
3.005763e+09 -9.346422e-01 -9.771926e-01
3.037046e+09 -9.290642e-01 -9.766969e-01
3.068490e+09 -9.261468e-01 -9.761789e-01
3.099912e+09 -9.263057e-01 -9.756733e-01
3.131452e+09 -9.219274e-01 -9.751320e-01
3.163088e+09 -9.205225e-01 -9.745858e-01
3.194633e+09 -9.240587e-01 -9.740869e-01
3.226080e+09 -9.262999e-01 -9.736211e-01
3.257440e+09 -9.288556e-01 -9.731901e-01
3.288794e+09 -9.285064e-01 -9.727641e-01
3.320062e+09 -9.318147e-01 -9.723785e-01
3.351309e+09 -9.310849e-01 -9.719934e-01
3.382565e+09 -9.322243e-01 -9.716260e-01
3.413846e+09 -9.296066e-01 -9.712409e-01
3.445288e+09 -9.250758e-01 -9.708196e-01
3.476853e+09 -9.224851e-01 -9.703808e-01
3.508443e+09 -9.209629e-01 -9.699359e-01
3.540009e+09 -9.232568e-01 -9.695196e-01
3.571500e+09 -9.257855e-01 -9.691340e-01
3.602766e+09 -9.326087e-01 -9.688170e-01
3.633904e+09 -9.356586e-01 -9.685329e-01
3.665012e+09 -9.360810e-01 -9.682575e-01
3.696109e+09 -9.364081e-01 -9.679895e-01
3.727194e+09 -9.371687e-01 -9.677325e-01
3.758254e+09 -9.371036e-01 -9.674793e-01
3.789418e+09 -9.325341e-01 -9.671919e-01
3.820735e+09 -9.301173e-01 -9.668880e-01
3.852118e+09 -9.261677e-01 -9.665563e-01
3.883627e+09 -9.238111e-01 -9.662095e-01
3.915201e+09 -9.222326e-01 -9.658549e-01
3.946675e+09 -9.264486e-01 -9.655406e-01
3.978002e+09 -9.306414e-01 -9.652658e-01
4.009194e+09 -9.355511e-01 -9.650346e-01
4.040163e+09 -9.415377e-01 -9.648545e-01
4.070995e+09 -9.456009e-01 -9.647086e-01
4.101741e+09 -9.484342e-01 -9.645867e-01
4.132318e+09 -9.531116e-01 -9.645017e-01
4.162865e+09 -9.532146e-01 -9.644189e-01
4.193473e+09 -9.504880e-01 -9.643172e-01
4.224097e+09 -9.499726e-01 -9.642132e-01
4.254848e+09 -9.465970e-01 -9.640859e-01
4.285709e+09 -9.422739e-01 -9.639289e-01
4.316636e+09 -9.412422e-01 -9.637663e-01
4.347608e+09 -9.394227e-01 -9.635929e-01
4.378638e+09 -9.380663e-01 -9.634120e-01
4.409682e+09 -9.384784e-01 -9.632365e-01
4.440609e+09 -9.412821e-01 -9.630836e-01
4.471642e+09 -9.368454e-01 -9.629015e-01
4.502805e+09 -9.344694e-01 -9.627047e-01
4.534060e+09 -9.306417e-01 -9.624837e-01
4.565390e+09 -9.292845e-01 -9.622558e-01
4.596744e+09 -9.284327e-01 -9.620251e-01
4.628092e+09 -9.291016e-01 -9.618021e-01
4.659444e+09 -9.287213e-01 -9.615795e-01
4.690771e+09 -9.295139e-01 -9.613654e-01
4.722042e+09 -9.321997e-01 -9.611722e-01
4.753222e+09 -9.342178e-01 -9.609954e-01
4.784282e+09 -9.388837e-01 -9.608519e-01
4.815311e+09 -9.379257e-01 -9.607042e-01
4.846404e+09 -9.355346e-01 -9.605427e-01
4.877570e+09 -9.348002e-01 -9.603782e-01
4.908626e+09 -9.393451e-01 -9.602451e-01
4.939620e+09 -9.389877e-01 -9.601117e-01
4.970665e+09 -9.374386e-01 -9.599701e-01
5.001765e+09 -9.369295e-01 -9.598269e-01
5.032849e+09 -9.372913e-01 -9.596877e-01
5.063914e+09 -9.364935e-01 -9.595454e-01
5.095028e+09 -9.356862e-01 -9.593997e-01
5.126174e+09 -9.347442e-01 -9.592499e-01
5.157326e+09 -9.347665e-01 -9.591020e-01
5.188464e+09 -9.350926e-01 -9.589579e-01
5.219479e+09 -9.410574e-01 -9.588515e-01
5.250397e+09 -9.411082e-01 -9.587471e-01
5.281439e+09 -9.368030e-01 -9.586181e-01
5.312570e+09 -9.355716e-01 -9.584830e-01
5.343750e+09 -9.327455e-01 -9.583329e-01
5.375072e+09 -9.285702e-01 -9.581594e-01
5.406505e+09 -9.258465e-01 -9.579716e-01
5.438025e+09 -9.230552e-01 -9.577692e-01
5.469560e+09 -9.236671e-01 -9.575726e-01
5.501064e+09 -9.247421e-01 -9.573845e-01
5.532601e+09 -9.233844e-01 -9.571907e-01
5.564065e+09 -9.271599e-01 -9.570209e-01
5.595368e+09 -9.317421e-01 -9.568795e-01
5.626487e+09 -9.363218e-01 -9.567658e-01
5.657555e+09 -9.373249e-01 -9.566590e-01
5.688641e+09 -9.368233e-01 -9.565506e-01
5.719693e+09 -9.376044e-01 -9.564478e-01
5.750797e+09 -9.363081e-01 -9.563388e-01
5.781824e+09 -9.389866e-01 -9.562457e-01
5.812823e+09 -9.391634e-01 -9.561546e-01
5.843842e+09 -9.381991e-01 -9.560593e-01
5.874848e+09 -9.397907e-01 -9.559735e-01
5.905799e+09 -9.411199e-01 -9.558956e-01
5.936724e+09 -9.419844e-01 -9.558232e-01
5.967591e+09 -9.436789e-01 -9.557603e-01
5.998386e+09 -9.472194e-01 -9.557165e-01
6.029030e+09 -9.504329e-01 -9.556896e-01
6.059797e+09 -9.448164e-01 -9.556344e-01
6.090732e+09 -9.401437e-01 -9.555558e-01
6.121773e+09 -9.366785e-01 -9.554600e-01
6.152971e+09 -9.322474e-01 -9.553423e-01
6.184279e+09 -9.299281e-01 -9.552137e-01
6.215611e+09 -9.293756e-01 -9.550834e-01
6.246889e+09 -9.319977e-01 -9.549678e-01
6.278030e+09 -9.358592e-01 -9.548731e-01
6.309144e+09 -9.370539e-01 -9.547852e-01
6.340168e+09 -9.389343e-01 -9.547076e-01
6.371203e+09 -9.387011e-01 -9.546296e-01
6.402174e+09 -9.413204e-01 -9.545653e-01
6.433059e+09 -9.426132e-01 -9.545079e-01
6.463871e+09 -9.463031e-01 -9.544688e-01
6.494522e+09 -9.513197e-01 -9.544539e-01
6.525094e+09 -9.525209e-01 -9.544449e-01
6.555672e+09 -9.517297e-01 -9.544322e-01
6.586249e+09 -9.520963e-01 -9.544213e-01
6.616860e+09 -9.510468e-01 -9.544057e-01
6.647543e+09 -9.482496e-01 -9.543773e-01
6.678247e+09 -9.483552e-01 -9.543496e-01
6.708966e+09 -9.483289e-01 -9.543221e-01
6.739605e+09 -9.511195e-01 -9.543075e-01
6.770204e+09 -9.516050e-01 -9.542953e-01
6.800642e+09 -9.587472e-01 -9.543152e-01
6.831077e+09 -9.551322e-01 -9.543189e-01
6.861616e+09 -9.529790e-01 -9.543129e-01
6.892255e+09 -9.496328e-01 -9.542921e-01
6.922856e+09 -9.524567e-01 -9.542840e-01
6.953389e+09 -9.539504e-01 -9.542825e-01
6.983855e+09 -9.561375e-01 -9.542906e-01
7.014325e+09 -9.556002e-01 -9.542963e-01
7.044718e+09 -9.584953e-01 -9.543144e-01
7.075159e+09 -9.561053e-01 -9.543221e-01
7.105641e+09 -9.557147e-01 -9.543281e-01
7.136161e+09 -9.527207e-01 -9.543212e-01
7.166779e+09 -9.503123e-01 -9.543041e-01
7.197429e+09 -9.503615e-01 -9.542873e-01
7.228018e+09 -9.525472e-01 -9.542799e-01
7.258551e+09 -9.546721e-01 -9.542816e-01
7.288947e+09 -9.602254e-01 -9.543064e-01
7.319236e+09 -9.612109e-01 -9.543349e-01
7.349588e+09 -9.592601e-01 -9.543553e-01
7.380029e+09 -9.563501e-01 -9.543635e-01
7.410436e+09 -9.574056e-01 -9.543760e-01
7.440838e+09 -9.584468e-01 -9.543926e-01
7.471189e+09 -9.590943e-01 -9.544117e-01
7.501622e+09 -9.565383e-01 -9.544203e-01
7.532059e+09 -9.574907e-01 -9.544328e-01
7.562429e+09 -9.595049e-01 -9.544531e-01
7.592731e+09 -9.609480e-01 -9.544790e-01
7.623035e+09 -9.589824e-01 -9.544969e-01
7.653435e+09 -9.574921e-01 -9.545088e-01
7.683787e+09 -9.598960e-01 -9.545301e-01
7.714120e+09 -9.596358e-01 -9.545502e-01
7.744495e+09 -9.576658e-01 -9.545624e-01
7.774958e+09 -9.551147e-01 -9.545646e-01
7.805483e+09 -9.532973e-01 -9.545596e-01
7.836052e+09 -9.520740e-01 -9.545499e-01
7.866741e+09 -9.469156e-01 -9.545202e-01
7.897536e+09 -9.442488e-01 -9.544801e-01
7.928512e+09 -9.386315e-01 -9.544182e-01
7.959570e+09 -9.374553e-01 -9.543520e-01
7.990642e+09 -9.370795e-01 -9.542848e-01
8.021702e+09 -9.366518e-01 -9.542166e-01
8.052879e+09 -9.328188e-01 -9.541337e-01
8.084101e+09 -9.327493e-01 -9.540511e-01
8.115286e+09 -9.345694e-01 -9.539763e-01
8.146343e+09 -9.382085e-01 -9.539161e-01
8.177446e+09 -9.350885e-01 -9.538445e-01
8.208627e+09 -9.344616e-01 -9.537709e-01
8.239693e+09 -9.377015e-01 -9.537103e-01
8.270743e+09 -9.363245e-01 -9.536450e-01
8.302050e+09 -9.278247e-01 -9.535477e-01
8.333578e+09 -9.218979e-01 -9.534279e-01
8.365160e+09 -9.226654e-01 -9.533118e-01
8.396721e+09 -9.219031e-01 -9.531937e-01
8.428369e+09 -9.192498e-01 -9.530663e-01
8.460132e+09 -9.156314e-01 -9.529257e-01
8.491949e+09 -9.148072e-01 -9.527829e-01
8.523827e+09 -9.137544e-01 -9.526370e-01
8.555597e+09 -9.180682e-01 -9.525086e-01
8.587262e+09 -9.197708e-01 -9.523879e-01
8.618855e+09 -9.222980e-01 -9.522776e-01
8.650359e+09 -9.250730e-01 -9.521785e-01
8.681766e+09 -9.283931e-01 -9.520925e-01
8.713000e+09 -9.334786e-01 -9.520257e-01
8.744171e+09 -9.345478e-01 -9.519634e-01
8.775393e+09 -9.305396e-01 -9.518872e-01
8.806755e+09 -9.287792e-01 -9.518049e-01
8.838133e+09 -9.274465e-01 -9.517184e-01
8.869537e+09 -9.274289e-01 -9.516324e-01
8.900856e+09 -9.313068e-01 -9.515609e-01
8.932018e+09 -9.356042e-01 -9.515052e-01
8.963134e+09 -9.353394e-01 -9.514491e-01
8.994400e+09 -9.281077e-01 -9.513680e-01
9.025849e+09 -9.254296e-01 -9.512776e-01
9.057361e+09 -9.233128e-01 -9.511803e-01
9.088970e+09 -9.201242e-01 -9.510723e-01
9.120592e+09 -9.211157e-01 -9.509684e-01
9.152211e+09 -9.204936e-01 -9.508632e-01
9.183875e+09 -9.193770e-01 -9.507546e-01
9.215530e+09 -9.202090e-01 -9.506497e-01
9.247193e+09 -9.191086e-01 -9.505417e-01
9.278832e+09 -9.203231e-01 -9.504386e-01
9.310504e+09 -9.191192e-01 -9.503321e-01
9.342182e+09 -9.199200e-01 -9.502290e-01
9.373810e+09 -9.211360e-01 -9.501308e-01
9.405374e+09 -9.224359e-01 -9.500379e-01
9.436954e+09 -9.224247e-01 -9.499455e-01
9.468482e+09 -9.240783e-01 -9.498593e-01
9.499980e+09 -9.241662e-01 -9.497741e-01
9.531515e+09 -9.228263e-01 -9.496850e-01
9.563056e+09 -9.235307e-01 -9.495987e-01
9.594541e+09 -9.248735e-01 -9.495176e-01
9.625990e+09 -9.253638e-01 -9.494387e-01
9.657472e+09 -9.250231e-01 -9.493591e-01
9.688914e+09 -9.264257e-01 -9.492847e-01
9.720304e+09 -9.273771e-01 -9.492139e-01
9.751764e+09 -9.244779e-01 -9.491341e-01
9.783484e+09 -9.153412e-01 -9.490246e-01
9.815463e+09 -9.086572e-01 -9.488930e-01
9.847528e+09 -9.078346e-01 -9.487593e-01
9.879648e+09 -9.068010e-01 -9.486229e-01
9.911706e+09 -9.095012e-01 -9.484964e-01
9.943680e+09 -9.112035e-01 -9.483765e-01
9.975594e+09 -9.132822e-01 -9.482642e-01
