2.076655e+07 -2.039412e+00 -2.039412e+00
4.264946e+07 -1.935663e+00 -1.986180e+00
6.581403e+07 -1.825296e+00 -1.929554e+00
9.047063e+07 -1.713583e+00 -1.870694e+00
1.167263e+08 -1.608889e+00 -1.811805e+00
1.446340e+08 -1.516154e+00 -1.754758e+00
1.740491e+08 -1.444012e+00 -1.702240e+00
2.046403e+08 -1.392240e+00 -1.655899e+00
2.362101e+08 -1.351271e+00 -1.615185e+00
2.686616e+08 -1.317097e+00 -1.579179e+00
3.018317e+08 -1.290275e+00 -1.547430e+00
3.357084e+08 -1.263754e+00 -1.518804e+00
3.701837e+08 -1.241963e+00 -1.493021e+00
4.052607e+08 -1.220787e+00 -1.469459e+00
4.409162e+08 -1.201498e+00 -1.447789e+00
4.770599e+08 -1.186216e+00 -1.427972e+00
5.135331e+08 -1.177961e+00 -1.410215e+00
5.502810e+08 -1.167098e+00 -1.393979e+00
5.874236e+08 -1.155336e+00 -1.378890e+00
6.248689e+08 -1.146856e+00 -1.364985e+00
6.625575e+08 -1.140088e+00 -1.352192e+00
7.004369e+08 -1.134597e+00 -1.340425e+00
7.385027e+08 -1.129025e+00 -1.329529e+00
7.767897e+08 -1.120575e+00 -1.319229e+00
8.154832e+08 -1.109176e+00 -1.309263e+00
8.544436e+08 -1.103123e+00 -1.299863e+00
8.935360e+08 -1.100004e+00 -1.291119e+00
9.327471e+08 -1.096792e+00 -1.282950e+00
9.720872e+08 -1.091683e+00 -1.275210e+00
1.011681e+09 -1.086693e+00 -1.267832e+00
1.051361e+09 -1.082580e+00 -1.260840e+00
1.091311e+09 -1.075295e+00 -1.254048e+00
1.131469e+09 -1.070210e+00 -1.247523e+00
1.171750e+09 -1.067305e+00 -1.241328e+00
1.212212e+09 -1.061693e+00 -1.235332e+00
1.252965e+09 -1.054484e+00 -1.229450e+00
1.293884e+09 -1.050371e+00 -1.223786e+00
1.334939e+09 -1.047041e+00 -1.218351e+00
1.376118e+09 -1.044911e+00 -1.213161e+00
1.417408e+09 -1.040774e+00 -1.208139e+00
1.458858e+09 -1.037293e+00 -1.203285e+00
1.500350e+09 -1.037308e+00 -1.198695e+00
1.541785e+09 -1.039195e+00 -1.194408e+00
1.583166e+09 -1.040092e+00 -1.190375e+00
1.624557e+09 -1.038541e+00 -1.186506e+00
1.666132e+09 -1.034211e+00 -1.182706e+00
1.707693e+09 -1.036083e+00 -1.179137e+00
1.749224e+09 -1.035275e+00 -1.175722e+00
1.790997e+09 -1.027676e+00 -1.172269e+00
1.832993e+09 -1.023737e+00 -1.168866e+00
1.875170e+09 -1.018376e+00 -1.165481e+00
1.917582e+09 -1.013829e+00 -1.162127e+00
1.960008e+09 -1.015061e+00 -1.158943e+00
2.002265e+09 -1.019510e+00 -1.156001e+00
2.044452e+09 -1.020933e+00 -1.153214e+00
2.086520e+09 -1.023505e+00 -1.150598e+00
2.128557e+09 -1.024816e+00 -1.148114e+00
2.170561e+09 -1.025423e+00 -1.145740e+00
2.212448e+09 -1.027927e+00 -1.143510e+00
2.254384e+09 -1.025564e+00 -1.141316e+00
2.296293e+09 -1.027435e+00 -1.139237e+00
2.338125e+09 -1.029407e+00 -1.137272e+00
2.379848e+09 -1.032712e+00 -1.135439e+00
2.421431e+09 -1.035256e+00 -1.133719e+00
2.462934e+09 -1.037225e+00 -1.132093e+00
2.504493e+09 -1.034239e+00 -1.130469e+00
2.546131e+09 -1.033122e+00 -1.128877e+00
2.587854e+09 -1.030916e+00 -1.127297e+00
2.629678e+09 -1.027512e+00 -1.125710e+00
2.671611e+09 -1.026442e+00 -1.124152e+00
2.713425e+09 -1.030122e+00 -1.122703e+00
2.755153e+09 -1.031822e+00 -1.121327e+00
2.796804e+09 -1.033579e+00 -1.120020e+00
2.838551e+09 -1.029763e+00 -1.118693e+00
2.880407e+09 -1.026886e+00 -1.117359e+00
2.922375e+09 -1.024588e+00 -1.116026e+00
2.964425e+09 -1.023279e+00 -1.114711e+00
3.006567e+09 -1.020522e+00 -1.113390e+00
3.048870e+09 -1.015211e+00 -1.112028e+00
3.091450e+09 -1.009112e+00 -1.110611e+00
3.134162e+09 -1.007778e+00 -1.109209e+00
3.176900e+09 -1.006497e+00 -1.107828e+00
3.219754e+09 -1.002359e+00 -1.106424e+00
3.262812e+09 -9.983317e-01 -1.104997e+00
3.305964e+09 -9.972198e-01 -1.103591e+00
3.349061e+09 -9.994992e-01 -1.102251e+00
3.392022e+09 -1.002327e+00 -1.100986e+00
3.434874e+09 -1.005024e+00 -1.099788e+00
3.477667e+09 -1.005299e+00 -1.098626e+00
3.520484e+09 -1.004443e+00 -1.097480e+00
3.563402e+09 -1.001773e+00 -1.096327e+00
3.606486e+09 -9.979930e-01 -1.095153e+00
3.649666e+09 -9.967539e-01 -1.093989e+00
3.692872e+09 -9.961932e-01 -1.092844e+00
3.736244e+09 -9.906381e-01 -1.091658e+00
3.779825e+09 -9.862950e-01 -1.090443e+00
3.823362e+09 -9.901239e-01 -1.089301e+00
3.866586e+09 -9.971707e-01 -1.088271e+00
3.909561e+09 -1.003052e+00 -1.087334e+00
3.952363e+09 -1.006777e+00 -1.086462e+00
3.994945e+09 -1.012179e+00 -1.085670e+00
4.037312e+09 -1.016650e+00 -1.084946e+00
4.079545e+09 -1.020509e+00 -1.084279e+00
4.121612e+09 -1.023094e+00 -1.083654e+00
4.163742e+09 -1.020505e+00 -1.083015e+00
4.205971e+09 -1.018549e+00 -1.082368e+00
4.248261e+09 -1.017621e+00 -1.081723e+00
4.290365e+09 -1.024221e+00 -1.081159e+00
4.332234e+09 -1.030189e+00 -1.080666e+00
4.373793e+09 -1.036795e+00 -1.080250e+00
4.415176e+09 -1.041306e+00 -1.079885e+00
4.456382e+09 -1.046081e+00 -1.079572e+00
4.497419e+09 -1.050537e+00 -1.079307e+00
4.538304e+09 -1.053152e+00 -1.079071e+00
4.579149e+09 -1.052903e+00 -1.078838e+00
4.620089e+09 -1.050718e+00 -1.078589e+00
4.660995e+09 -1.053266e+00 -1.078367e+00
4.701795e+09 -1.054595e+00 -1.078160e+00
4.742636e+09 -1.054052e+00 -1.077953e+00
4.783439e+09 -1.055621e+00 -1.077762e+00
4.824108e+09 -1.058482e+00 -1.077600e+00
4.864726e+09 -1.060336e+00 -1.077456e+00
4.905286e+09 -1.060636e+00 -1.077316e+00
4.945991e+09 -1.055339e+00 -1.077136e+00
4.986910e+09 -1.050767e+00 -1.076919e+00
5.027978e+09 -1.047076e+00 -1.076675e+00
5.069154e+09 -1.044745e+00 -1.076416e+00
5.110398e+09 -1.042771e+00 -1.076145e+00
5.151654e+09 -1.043164e+00 -1.075880e+00
5.192922e+09 -1.042696e+00 -1.075617e+00
5.234360e+09 -1.035936e+00 -1.075303e+00
5.276118e+09 -1.029275e+00 -1.074938e+00
5.317954e+09 -1.028879e+00 -1.074576e+00
5.359741e+09 -1.029891e+00 -1.074228e+00
5.401475e+09 -1.031434e+00 -1.073897e+00
5.443257e+09 -1.029225e+00 -1.073554e+00
5.485085e+09 -1.028485e+00 -1.073210e+00
5.526950e+09 -1.028319e+00 -1.072870e+00
5.568774e+09 -1.029212e+00 -1.072542e+00
5.610613e+09 -1.027976e+00 -1.072210e+00
5.652615e+09 -1.023310e+00 -1.071847e+00
5.694804e+09 -1.018736e+00 -1.071453e+00
5.737109e+09 -1.016542e+00 -1.071048e+00
5.779516e+09 -1.013619e+00 -1.070627e+00
5.822088e+09 -1.010204e+00 -1.070185e+00
5.864754e+09 -1.007998e+00 -1.069733e+00
5.907531e+09 -1.005837e+00 -1.069270e+00
5.950265e+09 -1.007074e+00 -1.068823e+00
5.992982e+09 -1.007445e+00 -1.068386e+00
6.035710e+09 -1.007225e+00 -1.067953e+00
6.078353e+09 -1.009727e+00 -1.067544e+00
6.120895e+09 -1.011757e+00 -1.067157e+00
6.163370e+09 -1.014009e+00 -1.066790e+00
6.205822e+09 -1.013716e+00 -1.066427e+00
6.248266e+09 -1.014011e+00 -1.066071e+00
6.290715e+09 -1.013304e+00 -1.065715e+00
6.333331e+09 -1.008154e+00 -1.065328e+00
6.376169e+09 -1.003268e+00 -1.064911e+00
6.419203e+09 -9.983943e-01 -1.064465e+00
6.462452e+09 -9.942875e-01 -1.063995e+00
6.505834e+09 -9.913223e-01 -1.063511e+00
6.549322e+09 -9.886877e-01 -1.063014e+00
6.592936e+09 -9.857422e-01 -1.062503e+00
6.636750e+09 -9.810803e-01 -1.061965e+00
6.680688e+09 -9.794639e-01 -1.061423e+00
6.724535e+09 -9.828973e-01 -1.060911e+00
6.768082e+09 -9.902336e-01 -1.060456e+00
6.811406e+09 -9.947493e-01 -1.060038e+00
6.854466e+09 -1.001497e+00 -1.059670e+00
6.897298e+09 -1.005497e+00 -1.059334e+00
6.940107e+09 -1.004508e+00 -1.058996e+00
6.982962e+09 -1.003933e+00 -1.058658e+00
7.025844e+09 -1.002386e+00 -1.058314e+00
7.068805e+09 -1.002386e+00 -1.057974e+00
7.111666e+09 -1.004871e+00 -1.057654e+00
7.154378e+09 -1.008380e+00 -1.057360e+00
7.197022e+09 -1.009328e+00 -1.057075e+00
7.239658e+09 -1.009742e+00 -1.056797e+00
7.282277e+09 -1.009260e+00 -1.056519e+00
7.324955e+09 -1.008102e+00 -1.056236e+00
7.367651e+09 -1.007862e+00 -1.055956e+00
7.410391e+09 -1.006407e+00 -1.055670e+00
7.453224e+09 -1.003706e+00 -1.055372e+00
7.496159e+09 -1.002005e+00 -1.055066e+00
7.539126e+09 -1.001152e+00 -1.054759e+00
7.582305e+09 -9.950772e-01 -1.054419e+00
7.625773e+09 -9.875447e-01 -1.054038e+00
7.669669e+09 -9.772533e-01 -1.053598e+00
7.713980e+09 -9.688053e-01 -1.053111e+00
7.758526e+09 -9.659491e-01 -1.052611e+00
7.803047e+09 -9.667704e-01 -1.052121e+00
7.847484e+09 -9.689862e-01 -1.051650e+00
7.891818e+09 -9.714912e-01 -1.051200e+00
7.935987e+09 -9.754510e-01 -1.050778e+00
7.979961e+09 -9.800075e-01 -1.050388e+00
8.023863e+09 -9.790627e-01 -1.049998e+00
8.068001e+09 -9.735677e-01 -1.049580e+00
8.112285e+09 -9.720009e-01 -1.049156e+00
8.156580e+09 -9.712724e-01 -1.048733e+00
8.200866e+09 -9.723882e-01 -1.048321e+00
8.244956e+09 -9.777375e-01 -1.047944e+00
8.288844e+09 -9.814158e-01 -1.047591e+00
8.332605e+09 -9.846122e-01 -1.047261e+00
8.376269e+09 -9.855314e-01 -1.046939e+00
8.419935e+09 -9.857932e-01 -1.046622e+00
8.463537e+09 -9.870920e-01 -1.046315e+00
8.507213e+09 -9.842343e-01 -1.045996e+00
8.551125e+09 -9.779903e-01 -1.045647e+00
8.595295e+09 -9.730522e-01 -1.045274e+00
8.639634e+09 -9.700381e-01 -1.044888e+00
8.684080e+09 -9.676450e-01 -1.044493e+00
8.728523e+09 -9.689912e-01 -1.044108e+00
8.772867e+09 -9.710402e-01 -1.043739e+00
8.817011e+09 -9.765798e-01 -1.043403e+00
8.860912e+09 -9.811593e-01 -1.043094e+00
8.904791e+09 -9.798811e-01 -1.042783e+00
8.948774e+09 -9.777587e-01 -1.042463e+00
8.992697e+09 -9.813235e-01 -1.042165e+00
9.036487e+09 -9.825851e-01 -1.041876e+00
9.080325e+09 -9.812299e-01 -1.041583e+00
9.124241e+09 -9.794153e-01 -1.041284e+00
9.168217e+09 -9.781560e-01 -1.040981e+00
9.212211e+09 -9.785448e-01 -1.040683e+00
9.256121e+09 -9.803198e-01 -1.040397e+00
9.300068e+09 -9.786892e-01 -1.040105e+00
9.344163e+09 -9.746952e-01 -1.039796e+00
9.388416e+09 -9.709388e-01 -1.039472e+00
9.432817e+09 -9.689344e-01 -1.039140e+00
9.477255e+09 -9.685914e-01 -1.038809e+00
9.521615e+09 -9.707820e-01 -1.038492e+00
9.565899e+09 -9.722695e-01 -1.038185e+00
9.610116e+09 -9.740321e-01 -1.037890e+00
9.654166e+09 -9.785043e-01 -1.037619e+00
9.698062e+09 -9.813788e-01 -1.037365e+00
9.741690e+09 -9.881391e-01 -1.037144e+00
9.785122e+09 -9.920029e-01 -1.036944e+00
9.828428e+09 -9.937482e-01 -1.036754e+00
9.871698e+09 -9.952357e-01 -1.036572e+00
9.914970e+09 -9.936311e-01 -1.036384e+00
9.958314e+09 -9.923803e-01 -1.036193e+00
